0 1544
0 1536
0 1544
0 1544
0 1537
0 1536
0 1536
0 2338
0 2340
0 2340
0 2340
0 2340
0 2340
0 2338
0 2339
0 2338
0 2339
0 2444
0 2444
0 2444
0 2444
0 2444
0 2444
0 2444
0 2444
0 2444
0 2444
0 2444
0 2396
0 2396
0 2339
0 2420
0 2444
0 2396
0 2396
0 2396
0 2444
0 2444
0 2444
0 2444
0 2396
0 2420
0 2420
0 2444
0 2420
0 2340
0 2372
0 2340
0 2372
0 2340
0 2338
0 2340
0 2420
0 2420
0 2420
0 2420
0 2420
0 2339
0 2340
0 2372
0 2372
0 2340
0 2372
0 2420
0 2420
0 2420
0 2420
0 2420
0 2372
0 2372
0 2372
0 2372
0 2338
0 2372
0 2372
0 2372
0 2396
0 2396
0 2396
0 2338
0 2396
0 2396
0 2396
0 2340
0 2340
0 2340
0 2340
0 2340
0 2340
0 2340
0 2340
0 2340
0 2340
0 2340
0 2338
0 2340
0 2340
0 2340
0 2340
0 2340
0 2340
0 2340
0 2340
0 2340
0 2340
0 2340
0 2340
0 2340
0 2340
0 2340
0 2341
0 2341
0 2341
0 2341
0 2341
0 2341
0 2341
0 2341
0 2341
0 2341
0 2341
0 2341
0 2341
0 2341
0 2341
0 2341
0 2341
0 2341
0 2338
0 2341
0 2341
0 2341
0 2341
0 2341
0 2341
0 2341
0 2341
0 2341
0 2341
0 2341
0 2341
0 2341
0 2341
0 2342
0 2341
0 2341
0 2342
0 2342
0 2342
0 2342
0 2342
0 2342
0 2342
0 2342
0 2342
0 2342
0 2342
0 2342
0 2342
0 2342
0 2342
0 2342
0 2342
0 2342
0 2342
0 2342
0 2342
0 2342
0 2342
0 2342
0 2342
0 2342
0 2342
0 2342
0 2342
0 2342
0 2342
0 2342
0 2342
0 2342
0 2343
0 2342
0 2343
0 2343
0 2343
0 2343
0 2343
0 2343
0 2343
0 2343
0 2343
0 2343
0 2343
0 2343
0 2343
0 2343
0 2343
0 2343
0 2343
0 2343
0 2343
0 2343
0 2343
0 2343
0 2343
0 2343
0 2343
0 2343
0 2343
0 2343
0 2343
0 2338
0 2343
0 2343
0 2343
0 2343
0 2343
0 2343
0 2343
0 2344
0 2343
0 2344
0 2344
0 2344
0 2344
0 2344
0 2344
0 2344
0 2344
0 2344
0 2344
0 2344
0 2344
0 2344
0 2344
0 2344
0 2344
0 2344
0 2344
0 2344
0 2344
0 2344
0 2344
0 2344
0 2344
0 2344
0 2344
0 2344
0 2344
0 2344
0 2344
0 2344
0 2344
0 2345
0 2345
0 2345
0 2345
0 2345
0 2345
0 2345
0 2345
0 2345
0 2345
0 2345
0 2345
0 2345
0 2345
0 2345
0 2345
0 2345
0 2345
0 2345
0 2345
0 2345
0 2345
0 2345
0 2345
0 2345
0 2345
0 2345
0 2345
0 2345
0 2345
0 2345
0 2345
0 2345
0 2346
0 2345
0 2346
0 2346
0 2346
0 2346
0 2346
0 2346
0 2346
0 2346
0 2346
0 2346
0 2346
0 2346
0 2346
0 2346
0 2346
0 2346
0 2346
0 2346
0 2346
0 2346
0 2346
0 2346
0 2346
0 2346
0 2346
0 2346
0 2346
0 2346
0 2346
0 2346
0 2346
0 2347
0 2346
0 2347
0 2347
0 2347
0 2347
0 2347
0 2347
0 2347
0 2347
0 2347
0 2347
0 2347
0 2347
0 2347
0 2347
0 2347
0 2347
0 2347
0 2347
0 2347
0 2347
0 2347
0 2347
0 2347
0 2347
0 2347
0 2347
0 2338
0 2347
0 2347
0 2347
0 2347
0 2347
0 2348
0 2347
0 2348
1 1057
1 1057
0 2348
0 2348
0 2348
0 2348
0 2348
0 2348
0 2348
0 2348
0 2348
0 2348
0 2348
0 2348
0 2348
0 2348
0 2348
0 2348
0 2348
0 2348
0 2348
0 2348
0 2348
0 2348
0 2348
0 2348
0 2348
0 2348
0 2348
0 2348
0 2348
0 2348
0 2349
0 2348
0 2349
0 2349
0 2349
0 2349
0 2349
0 2349
0 2349
0 2349
0 2349
0 2349
0 2349
0 2349
0 2349
0 2349
0 2349
0 2349
0 2349
0 2349
0 2349
0 2349
0 2349
0 2349
0 2349
0 2349
0 2349
0 2349
0 2349
0 2349
0 2349
0 2349
0 2349
0 2350
0 2349
0 2350
0 2350
0 2350
0 2350
0 2350
0 2350
0 2350
0 2350
0 2350
0 2350
0 2350
0 2350
0 2350
0 2350
0 2350
0 2350
0 2350
0 2350
0 2350
0 2350
0 2350
0 2350
0 2350
0 2350
0 2350
0 2350
0 2350
0 2350
0 2350
0 2350
0 2350
0 2351
0 2350
0 2351
0 2351
0 2351
0 2351
0 2351
0 2351
0 2351
0 2351
0 2351
0 2351
0 2351
0 2351
0 2351
0 2351
0 2351
0 2351
0 2351
0 2351
0 2351
0 2351
0 2351
0 2351
0 2351
0 2351
0 2351
0 2351
0 2351
0 2351
0 2351
0 2351
0 2351
0 2352
0 2352
0 2351
0 2352
0 2352
0 2352
0 2352
0 2352
0 2352
0 2352
0 2352
0 2352
0 2352
0 2352
0 2352
0 2352
0 2352
0 2352
0 2352
0 2352
0 2352
0 2352
0 2352
0 2352
0 2352
0 2352
0 2352
0 2352
0 2352
0 2352
0 2352
0 2352
0 2352
0 2353
0 2352
0 2353
0 2353
0 2353
0 2353
0 2353
0 2353
0 2353
0 2353
0 2353
0 2353
0 2353
0 2353
0 2353
0 2353
0 2353
0 2353
0 2353
0 2353
0 2353
0 2353
0 2353
0 2353
0 2353
0 2353
0 2353
0 2353
0 2353
0 2353
0 2353
0 2353
0 2353
0 2354
0 2353
0 2354
0 2354
0 2354
0 2354
0 2354
0 2354
0 2354
0 2354
0 2354
0 2354
0 2354
0 2354
0 2354
0 2354
0 2354
0 2354
0 2354
0 2354
0 2354
0 2354
0 2354
0 2354
0 2354
0 2354
0 2354
0 2354
0 2354
0 2354
0 2354
0 2354
0 2354
0 2355
0 2354
0 2355
0 2355
0 2355
0 2355
0 2355
0 2355
0 2355
0 2355
0 2355
0 2355
0 2355
0 2355
0 2355
0 2355
0 2355
0 2355
0 2355
0 2355
0 2355
0 2355
0 2355
0 2338
0 2355
0 2355
0 2355
0 2355
0 2338
0 2355
0 2355
0 2355
0 2355
0 2355
0 2355
0 2356
0 2355
0 2356
0 2558
0 2558
0 2558
0 2558
0 2558
0 2558
0 2558
0 2558
0 2458
0 2458
0 2458
0 2558
0 2558
0 2558
0 2558
0 2558
0 2558
0 2558
0 2558
0 2558
0 2558
0 2558
0 2559
0 2559
0 2559
0 2559
0 2559
0 2559
0 2559
0 2559
0 2559
0 2559
0 2559
0 2559
0 2559
0 2559
0 2559
0 2559
0 2559
0 34
0 34
0 34
0 34
0 34
0 34
0 34
0 2458
0 2458
0 2458
0 34
0 34
0 34
0 34
0 34
0 34
0 34
0 34
0 34
0 34
0 34
0 34
0 35
0 35
0 35
0 35
0 35
0 35
0 35
0 35
0 35
0 35
0 35
0 35
0 35
0 35
0 35
0 35
0 35
0 35
0 35
0 35
0 35
0 2458
0 2458
0 2458
0 36
0 36
0 36
0 36
0 36
0 36
0 36
0 36
0 36
0 36
0 36
0 36
0 36
0 36
0 37
0 37
0 37
0 37
0 37
0 37
0 37
0 37
0 37
0 37
0 37
0 37
0 37
0 37
0 37
0 37
0 2458
0 2458
0 37
0 37
0 37
0 37
0 38
0 37
0 38
0 38
0 38
0 38
0 38
0 38
0 38
0 38
0 38
0 38
0 38
0 38
0 38
0 38
0 38
0 38
0 38
0 39
0 39
0 39
0 39
0 39
0 39
0 39
0 39
0 39
0 39
0 39
0 39
0 39
0 2458
0 39
0 39
0 39
0 39
0 39
0 39
0 39
0 2550
0 2550
0 2550
0 2550
0 2550
0 2550
0 2550
0 2550
0 2550
0 2550
0 2458
0 2458
0 2556
0 2556
0 2556
0 2556
0 2556
0 2556
0 2556
0 2556
0 2556
0 2556
0 2556
0 2556
0 2556
0 2556
0 2556
0 2556
0 2556
0 2556
0 2556
0 2556
0 2556
0 2556
0 2557
0 2557
0 2557
0 2557
0 2557
0 2557
0 2557
0 2557
0 2458
0 2557
0 2557
0 2557
0 2557
0 2557
0 2557
0 2557
0 2542
0 2542
0 2542
0 2542
0 2542
0 2542
0 2458
0 2543
0 2543
0 2543
0 2543
0 2543
0 2543
0 2543
0 2543
0 2543
0 2543
0 2543
0 2543
0 2543
0 2543
0 2458
0 2458
0 2458
0 2544
0 2544
0 2544
0 2544
0 2544
0 2544
0 2544
0 2544
0 2544
0 2544
0 2544
0 2544
0 2544
0 2544
0 2544
0 2544
0 2544
0 2544
0 2544
0 2544
0 2545
0 2545
0 2545
0 2545
0 2545
0 2545
0 2545
0 2545
0 2458
0 2458
0 2546
0 2546
0 2546
0 2546
0 2546
0 2546
0 2546
0 2546
0 2546
0 2546
0 2546
0 2546
0 2546
0 2546
0 2546
0 2547
0 2547
0 2547
0 2547
0 2458
0 2547
0 2547
0 2547
0 2547
0 2547
0 2547
0 2547
0 2547
0 2547
0 2458
0 2548
0 2548
0 2548
0 2548
0 2548
0 2548
0 2548
0 2548
0 2548
0 2458
0 2549
0 2549
0 2549
0 2549
0 2549
0 2549
0 2549
0 2549
0 2458
0 2549
0 2549
0 2549
0 2549
0 2458
0 2534
0 2534
0 2534
0 2534
0 2534
0 2534
0 2534
0 2534
0 2534
0 2534
0 2534
0 2458
0 2534
0 2534
0 2534
0 2534
0 2534
0 2534
0 2458
0 2458
0 2534
0 2534
0 2534
0 2534
0 2534
0 2534
0 2534
0 2534
0 2534
0 2534
0 2534
0 2534
0 2534
0 2534
0 2534
0 2534
0 2534
0 2534
0 2534
0 2534
0 2458
0 2534
0 2458
0 2458
0 2534
0 2534
0 2534
0 2534
0 2534
0 2534
0 2534
0 2534
0 2534
0 2534
0 2535
0 2535
0 2535
0 2535
0 2535
0 2535
0 2535
0 2535
0 2535
0 2535
0 2535
0 2535
0 2535
0 2535
0 2535
0 2535
0 2535
0 2535
0 2535
0 2535
0 2535
0 2535
0 2535
0 2535
0 2535
0 2535
0 2535
0 2535
0 2458
0 2458
0 2458
0 2535
0 2535
0 2535
0 2535
0 2535
0 2535
0 2535
0 2535
0 2535
0 2535
0 2535
0 2535
0 2535
0 2535
0 2535
0 2535
0 2535
0 2535
0 2536
0 2536
0 2536
0 2536
0 2536
0 2536
0 2536
0 2536
0 2536
0 2536
0 2536
0 2536
0 2536
0 2536
0 2536
0 2536
0 2536
0 2536
0 2536
0 2536
0 2536
0 2536
0 2536
0 2536
0 2536
0 2536
0 2536
0 2536
0 2536
0 2536
0 2536
0 2536
0 2536
0 2536
0 2536
0 2536
0 2536
0 2536
0 2536
0 2536
0 2536
0 2536
0 2536
0 2536
0 2536
0 2536
0 2536
0 2536
0 2537
0 2536
0 2537
0 2537
0 2537
0 2537
0 2537
0 2537
0 2537
0 2537
0 2537
0 2537
0 2537
0 2537
0 2537
0 2537
0 2537
0 2537
0 2537
0 2537
0 2537
0 2537
0 2537
0 2537
0 2537
0 2537
0 2537
0 2537
0 2537
0 2537
0 2537
0 2537
0 2537
0 2537
0 2537
0 2537
0 2537
0 2537
0 2537
0 2537
0 2537
0 2537
0 2537
0 2537
0 2537
0 2458
0 2537
0 2537
0 2537
0 2537
0 2537
0 2537
0 2537
0 2537
0 2537
0 2537
0 2537
0 2537
0 2537
0 2537
0 2537
0 2537
0 2537
0 2537
0 2537
0 2538
0 2537
0 2538
0 2538
0 2538
0 2538
0 2538
0 2538
0 2538
0 2538
0 2538
0 2538
0 2538
0 2538
0 2538
0 2538
0 2538
0 2538
0 2538
0 2538
0 2538
0 2538
0 2538
0 2538
0 2538
0 2538
0 2538
0 2538
0 2538
0 2538
0 2538
0 2538
0 2538
0 2538
0 2538
0 2538
0 2538
0 2538
0 2538
0 2538
0 2538
0 2538
0 2538
0 2538
0 2538
0 2538
0 2538
0 2538
0 2538
0 2538
0 2538
0 2538
0 2538
0 2538
0 2538
0 2538
0 2538
0 2538
0 2538
0 2538
0 2538
0 2538
0 2539
0 2539
0 2539
0 2539
0 2539
0 2539
0 2539
0 2539
0 2539
0 2539
0 2539
0 2539
0 2539
0 2539
0 2539
0 2539
0 2539
0 2539
0 2539
0 2539
0 2539
0 2539
0 2539
0 2539
0 2539
0 2539
0 2539
0 2539
0 2539
0 2539
0 2539
0 2539
0 2539
0 2539
0 2539
0 2539
0 2539
0 2539
0 2539
0 2539
0 2539
0 2539
0 2539
0 2539
0 2539
0 2539
0 2539
0 2539
0 2539
0 2539
0 2539
0 2539
0 2539
0 2539
0 2539
0 2540
0 2539
0 2539
0 2540
0 2540
0 2540
0 2540
0 2540
0 2540
0 2540
0 2540
0 2540
0 2540
0 2540
0 2540
0 2540
0 2540
0 2540
0 2540
0 2540
0 2540
0 2540
0 2540
0 2540
0 2540
0 2540
0 2540
0 2540
0 2540
0 2540
0 2540
0 2540
0 2540
0 2540
0 2540
0 2540
0 2540
0 2540
0 2540
0 2540
0 2540
0 2540
0 2540
0 2540
0 2540
0 2540
0 2540
0 2540
0 2540
0 2540
0 2540
0 2540
0 2540
0 2540
0 2540
0 2540
0 2540
0 2540
0 2540
0 2540
0 2540
0 2540
0 2540
0 2540
0 2540
0 2541
0 2540
0 2540
0 2541
0 2541
0 2541
0 2541
0 2541
0 2541
0 2541
0 2541
0 2541
0 2541
0 2541
0 2541
0 2541
0 2541
0 2541
0 2541
0 2541
0 2541
0 2541
0 2541
0 2541
0 2541
0 2541
0 2541
0 2541
0 2541
0 2541
0 2541
0 2541
0 2541
0 2541
0 2541
0 2541
0 2541
0 2541
0 2541
0 2541
0 2541
0 2541
0 2541
0 2541
0 2541
0 2541
0 2541
0 2541
0 2541
0 2541
0 2541
0 2541
0 2541
0 2541
0 2541
0 2541
0 2541
0 2458
0 2526
0 2526
0 2526
0 2526
0 2526
0 2526
0 2526
0 2526
0 2526
0 2458
0 2526
0 2526
0 2526
0 2526
0 2526
0 2526
0 2526
0 2526
0 2458
0 2526
0 2458
0 2526
0 2526
0 2526
0 2526
0 2526
0 2526
0 2526
0 2526
0 2526
0 2526
0 2526
0 2526
0 2526
0 2526
0 2526
0 2526
0 2526
0 2526
0 2526
0 2526
0 2526
0 2526
0 2526
0 2526
0 2458
0 2458
0 2526
0 2526
0 2526
0 2526
0 2526
0 2526
0 2526
0 2526
0 2526
0 2526
0 2526
0 2527
0 2526
0 2526
0 2527
0 2527
0 2527
0 2527
0 2527
0 2527
0 2527
0 2527
0 2527
0 2527
0 2527
0 2527
0 2527
0 2527
0 2527
0 2527
0 2527
0 2527
0 2527
0 2527
0 2527
0 2527
0 2527
0 2527
0 2527
0 2527
0 2527
0 2527
0 2527
0 2527
0 2527
0 2527
0 2527
0 2527
0 2527
0 2527
0 2527
0 2527
0 2527
0 2527
0 2527
0 2527
0 2458
0 2527
0 2527
0 2527
0 2458
0 2458
0 2527
0 2527
0 2527
0 2527
0 2527
0 2527
0 2527
0 2527
0 2527
0 2527
0 2527
0 2527
0 2527
0 2527
0 2528
0 2528
0 2528
0 2528
0 2528
0 2528
0 2528
0 2528
0 2528
0 2528
0 2528
0 2528
0 2528
0 2528
0 2528
0 2528
0 2528
0 2528
0 2528
0 2528
0 2528
0 2528
0 2528
0 2528
0 2528
0 2528
0 2528
0 2528
0 2528
0 2528
0 2528
0 2528
0 2528
0 2528
0 2528
0 2528
0 2528
0 2528
0 2528
0 2528
0 2528
0 2528
0 2528
0 2529
0 2528
0 2529
0 2529
0 2529
0 2529
0 2529
0 2529
0 2529
0 2529
0 2529
0 2529
0 2529
0 2529
0 2529
0 2529
0 2529
0 2529
0 2529
0 2529
0 2529
0 2529
0 2529
0 2529
0 2529
0 2529
0 2529
0 2458
0 2529
0 2529
0 2529
0 2529
0 2529
0 2529
0 2529
0 2529
0 2529
0 2529
0 2529
0 2529
0 2529
0 2530
0 2530
0 2530
0 2530
0 2530
0 2530
0 2530
0 2530
0 2530
0 2530
0 2530
0 2530
0 2530
0 2530
0 2530
0 2530
0 2530
0 2530
0 2530
0 2530
0 2530
0 2530
0 2530
0 2530
0 2530
0 2530
0 2530
0 2530
0 2530
0 2530
0 2530
0 2530
0 2530
0 2530
0 2530
0 2530
0 2530
0 2530
0 2530
0 2530
0 2530
0 2530
0 2530
0 2530
0 2530
0 2531
0 2530
0 2531
0 2531
0 2531
0 2531
0 2531
0 2531
0 2531
0 2531
0 2531
0 2531
0 2531
0 2531
0 2531
0 2531
0 2531
0 2531
0 2531
0 2531
0 2531
0 2531
0 2531
0 2531
0 2531
0 2531
0 2531
0 2531
0 2531
0 2531
0 2531
0 2531
0 2531
0 2531
0 2531
0 2531
0 2531
0 2531
0 2531
0 2531
0 2531
0 2531
0 2531
0 2531
0 2531
0 2531
0 2531
0 2532
0 2531
0 2532
0 2532
0 2532
0 2532
0 2532
0 2532
0 2532
0 2532
0 2532
0 2532
0 2532
0 2532
0 2532
0 2532
0 2532
0 2532
0 2532
0 2532
0 2532
0 2532
0 2532
0 2532
0 2532
0 2532
0 2532
0 2532
0 2532
0 2532
0 2532
0 2532
0 2532
0 2532
0 2532
0 2532
0 2532
0 2532
0 2532
0 2533
0 2532
0 2533
0 2533
0 2533
0 2533
0 2533
0 2533
0 2533
0 2533
0 2533
0 2533
0 2533
0 2533
0 2533
0 2533
0 2533
0 2533
0 2533
0 2533
0 2533
0 2533
0 2533
0 2533
0 2533
0 2533
0 2533
0 2533
0 2533
0 2533
0 2533
0 2533
0 2533
0 2533
0 2533
0 2533
0 2533
0 2533
0 2533
0 2533
0 2533
0 2533
0 2533
0 2533
0 2533
0 2533
0 2533
0 2533
0 2533
0 2533
0 2533
0 2533
0 2533
0 2533
0 2533
0 2533
0 2533
0 2533
0 2533
0 2533
0 2533
0 2533
0 2533
0 2533
0 2533
0 2533
0 2533
0 2518
0 2518
0 2518
0 2458
0 2518
0 2518
0 2518
0 2518
0 2518
0 2518
0 2518
0 2518
0 2518
0 2518
0 2518
0 2518
0 2458
0 2518
0 2458
0 2518
0 2518
0 2518
0 2518
0 2518
0 2518
0 2518
0 2518
0 2518
0 2518
0 2518
0 2518
0 2518
0 2518
0 2518
0 2518
0 2518
0 2518
0 2518
0 2458
0 2518
0 2518
0 2518
0 2518
0 2518
0 2518
0 2518
0 2518
0 2519
0 2518
0 2519
0 2519
0 2519
0 2519
0 2519
0 2519
0 2519
0 2519
0 2519
0 2519
0 2519
0 2519
0 2519
0 2519
0 2519
0 2519
0 2519
0 2519
0 2519
0 2519
0 2519
0 2519
0 2519
0 2519
0 2519
0 2519
0 2519
0 2519
0 2519
0 2519
0 2519
0 2519
0 2519
0 2519
0 2519
0 2458
0 2458
0 2458
0 2519
0 2519
0 2519
0 2519
0 2519
0 2519
0 2519
0 2519
0 2519
0 2520
0 2519
0 2520
0 2520
0 2520
0 2520
0 2520
0 2520
0 2520
0 2520
0 2520
0 2520
0 2520
0 2520
0 2520
0 2520
0 2520
0 2520
0 2520
0 2520
0 2520
0 2520
0 2520
0 2520
0 2520
0 2520
0 2520
0 2520
0 2520
0 2520
0 2520
0 2520
0 2520
0 2520
0 2520
0 2520
0 2520
0 2520
0 2520
0 2520
0 2520
0 2520
0 2520
0 2520
0 2520
0 2520
0 2520
0 2520
0 2520
0 2520
0 2520
0 2520
0 2520
0 2520
0 2521
0 2520
0 2520
0 2521
0 2521
0 2521
0 2521
0 2521
0 2521
0 2521
0 2521
0 2521
0 2521
0 2521
0 2521
0 2521
0 2521
0 2521
0 2521
0 2521
0 2521
0 2521
0 2521
0 2521
0 2521
0 2521
0 2521
0 2521
0 2521
0 2521
0 2521
0 2521
0 2521
0 2521
0 2458
0 2521
0 2521
0 2521
0 2521
0 2521
0 2521
0 2521
0 2521
0 2521
0 2521
0 2521
0 2521
0 2521
0 2521
0 2521
0 2521
0 2522
0 2521
0 2521
0 2522
0 2522
0 2522
0 2522
0 2522
0 2522
0 2522
0 2522
0 2522
0 2522
0 2522
0 2522
0 2522
0 2522
0 2522
0 2522
0 2522
0 2522
0 2522
0 2522
0 2522
0 2522
0 2522
0 2522
0 2522
0 2522
0 2522
0 2522
0 2522
0 2522
0 2522
0 2522
0 2522
0 2522
0 2522
0 2522
0 2522
0 2522
0 2522
0 2522
0 2522
0 2522
0 2522
0 2522
0 2522
0 2522
0 2522
0 2522
0 2522
0 2522
0 2522
0 2522
0 2522
0 2522
0 2522
0 2522
0 2523
0 2522
0 2522
0 2522
0 2522
0 2522
0 2523
0 2523
0 2523
0 2523
0 2523
0 2523
0 2523
0 2523
0 2523
0 2523
0 2523
0 2523
0 2523
0 2523
0 2523
0 2523
0 2523
0 2523
0 2523
0 2523
0 2523
0 2523
0 2523
0 2523
0 2523
0 2523
0 2523
0 2523
0 2523
0 2523
0 2523
0 2523
0 2523
0 2523
0 2523
0 2523
0 2523
0 2523
0 2523
0 2523
0 2523
0 2523
0 2523
0 2523
0 2523
0 2523
0 2523
0 2523
0 2523
0 2524
0 2523
0 2524
0 2524
0 2524
0 2524
0 2524
0 2524
0 2524
0 2524
0 2524
0 2524
0 2524
0 2524
0 2524
0 2524
0 2524
0 2524
0 2524
0 2524
0 2524
0 2524
0 2524
0 2524
0 2524
0 2524
0 2524
0 2524
0 2524
0 2524
0 2524
0 2524
0 2524
0 2524
0 2524
0 2524
0 2524
0 2524
0 2524
0 2524
0 2524
0 2524
0 2524
0 2524
0 2524
0 2524
0 2524
0 2524
0 2524
0 2524
0 2524
0 2524
0 2524
0 2524
0 2524
0 2524
0 2524
0 2525
0 2524
0 2525
0 2525
0 2525
0 2525
0 2525
0 2525
0 2525
0 2525
0 2525
0 2525
0 2525
0 2525
0 2525
0 2525
0 2525
0 2525
0 2525
0 2525
0 2525
0 2525
0 2525
0 2525
0 2525
0 2525
0 2525
0 2525
0 2525
0 2525
0 2525
0 2525
0 2525
0 2525
0 2525
0 2525
0 2525
0 2525
0 2525
0 2525
0 2525
0 2525
0 2525
0 2525
0 2525
0 2458
0 2510
0 2510
0 2510
0 2510
0 2510
0 2510
0 2510
0 2510
0 2510
0 2510
0 2510
0 2510
0 2510
0 2510
0 2458
0 2510
0 2510
0 2510
0 2510
0 2510
0 2510
0 2458
0 2510
0 2510
0 2510
0 2510
0 2510
0 2510
0 2510
0 2510
0 2510
0 2510
0 2510
0 2510
0 2510
0 2510
0 2510
0 2510
0 2510
0 2510
0 2510
0 2510
0 2510
0 2458
0 2458
0 2510
0 2510
0 2510
0 2510
0 2510
0 2510
0 2510
0 2510
0 2510
0 2510
0 2510
0 2510
0 2510
0 2510
0 2510
0 2510
0 2511
0 2510
0 2511
0 2511
0 2511
0 2511
0 2511
0 2511
0 2511
0 2511
0 2511
0 2511
0 2511
0 2511
0 2511
0 2511
0 2511
0 2511
0 2511
0 2511
0 2511
0 2511
0 2511
0 2511
0 2511
0 2511
0 2511
0 2511
0 2511
0 2511
0 2511
0 2511
0 2511
0 2511
0 2458
0 2511
0 2511
0 2511
0 2511
0 2511
0 2511
0 2511
0 2511
0 2511
0 2511
0 2511
0 2511
0 2511
0 2511
0 2511
0 2511
0 2511
0 2511
0 2511
0 2511
0 2511
0 2512
0 2511
0 2512
0 2512
0 2512
0 2512
0 2512
0 2512
0 2512
0 2512
0 2512
0 2512
0 2512
0 2512
0 2512
0 2512
0 2512
0 2512
0 2512
0 2512
0 2512
0 2512
0 2512
0 2512
0 2512
0 2512
0 2512
0 2512
0 2512
0 2512
0 2512
0 2512
0 2512
0 2512
0 2512
0 2512
0 2512
0 2512
0 2512
0 2512
0 2513
0 2512
0 2512
0 2513
0 2513
0 2513
0 2513
0 2513
0 2513
0 2513
0 2513
0 2513
0 2513
0 2513
0 2513
0 2513
0 2513
0 2513
0 2513
0 2513
0 2513
0 2513
0 2513
0 2513
0 2513
0 2513
0 2513
0 2513
0 2513
0 2513
0 2513
0 2513
0 2513
0 2513
0 2513
0 2513
0 2513
0 2513
0 2513
0 2513
0 2513
0 2513
0 2513
0 2513
0 2513
0 2458
0 2513
0 2513
0 2513
0 2513
0 2513
0 2513
0 2513
0 2513
0 2513
0 2513
0 2513
0 2513
0 2513
0 2513
0 2513
0 2513
0 2513
0 2513
0 2513
0 2513
0 2513
0 2513
0 2513
0 2513
0 2513
0 2513
0 2513
0 2513
0 2513
0 2513
0 2513
0 2513
0 2514
0 2513
0 2514
0 2514
0 2514
0 2514
0 2514
0 2514
0 2514
0 2514
0 2514
0 2514
0 2514
0 2514
0 2514
0 2514
0 2514
0 2514
0 2514
0 2514
0 2514
0 2514
0 2514
0 2514
0 2514
0 2514
0 2514
0 2514
0 2514
0 2514
0 2514
0 2514
0 2514
0 2514
0 2514
0 2514
0 2514
0 2514
0 2514
0 2514
0 2514
0 2514
0 2514
0 2514
0 2514
0 2514
0 2514
0 2514
0 2514
0 2514
0 2514
0 2514
0 2514
0 2514
0 2514
0 2514
0 2514
0 2514
0 2514
0 2514
0 2514
0 2514
0 2514
0 2514
0 2514
0 2514
0 2514
0 2514
0 2514
0 2514
0 2514
0 2514
0 2514
0 2514
0 2514
0 2514
0 2514
0 2514
0 2514
0 2514
0 2514
0 2514
0 2514
0 2514
0 2514
0 2515
0 2514
0 2514
0 2515
0 2515
0 2515
0 2515
0 2515
0 2515
0 2515
0 2515
0 2515
0 2515
0 2515
0 2515
0 2515
0 2515
0 2515
0 2515
0 2515
0 2515
0 2515
0 2515
0 2515
0 2515
0 2515
0 2515
0 2515
0 2515
0 2515
0 2515
0 2515
0 2515
0 2515
0 2515
0 2515
0 2515
0 2515
0 2515
0 2515
0 2515
0 2515
0 2515
0 2515
0 2515
0 2515
0 2516
0 2515
0 2516
0 2516
0 2516
0 2516
0 2516
0 2516
0 2516
0 2516
0 2516
0 2516
0 2516
0 2516
0 2516
0 2516
0 2516
0 2516
0 2516
0 2516
0 2516
0 2516
0 2516
0 2516
0 2516
0 2516
0 2516
0 2516
0 2516
0 2516
0 2516
0 2516
0 2516
0 2516
0 2516
0 2516
0 2516
0 2516
0 2516
0 2516
0 2516
0 2516
0 2516
0 2516
0 2516
0 2516
0 2516
0 2516
0 2516
0 2516
0 2516
0 2516
0 2516
0 2516
0 2516
0 2516
0 2516
0 2516
0 2516
0 2516
0 2516
0 2516
0 2516
0 2517
0 2516
0 2517
0 2517
0 2517
0 2517
0 2517
0 2517
0 2517
0 2517
0 2517
0 2517
0 2517
0 2517
0 2517
0 2517
0 2517
0 2517
0 2517
0 2517
0 2517
0 2517
0 2517
0 2517
0 2517
0 2517
0 2517
0 2517
0 2517
0 2517
0 2517
0 2517
0 2517
0 2517
0 2517
0 2517
0 2517
0 2517
0 2517
0 2517
0 2517
0 2517
0 2517
0 2517
0 2517
0 2517
0 2517
0 2517
0 2517
0 2517
0 2517
0 2517
0 2517
0 2517
0 2458
0 2502
0 2502
0 2502
0 2502
0 2502
0 2502
0 2502
0 2502
0 2502
0 2458
0 2502
0 2502
0 2502
0 2458
0 2502
0 2502
0 2502
0 2502
0 2502
0 2502
0 2502
0 2502
0 2502
0 2502
0 2502
0 2502
0 2502
0 2458
0 2502
0 2502
0 2502
0 2502
0 2502
0 2502
0 2502
0 2502
0 2502
0 2502
0 2502
0 2502
0 2502
0 2503
0 2503
0 2503
0 2502
0 2503
0 2503
0 2503
0 2503
0 2503
0 2503
0 2503
0 2503
0 2503
0 2503
0 2503
0 2503
0 2503
0 2503
0 2503
0 2503
0 2503
0 2503
0 2503
0 2503
0 2503
0 2503
0 2503
0 2503
0 2503
0 2503
0 2503
0 2503
0 2503
0 2458
0 2503
0 2458
0 2458
0 2458
0 2503
0 2503
0 2503
0 2503
0 2503
0 2503
0 2503
0 2503
0 2503
0 2503
0 2503
0 2504
0 2504
0 2504
0 2504
0 2504
0 2504
0 2504
0 2504
0 2504
0 2504
0 2504
0 2504
0 2504
0 2504
0 2504
0 2504
0 2504
0 2504
0 2504
0 2504
0 2504
0 2504
0 2504
0 2504
0 2504
0 2504
0 2504
0 2504
0 2504
0 2504
0 2504
0 2504
0 2504
0 2504
0 2504
0 2504
0 2504
0 2504
0 2504
0 2504
0 2504
0 2504
0 2505
0 2504
0 2505
0 2505
0 2505
0 2505
0 2505
0 2505
0 2505
0 2505
0 2505
0 2505
0 2505
0 2505
0 2505
0 2505
0 2505
0 2505
0 2505
0 2505
0 2505
0 2505
0 2505
0 2505
0 2505
0 2505
0 2505
0 2505
0 2505
0 2505
0 2505
0 2505
0 2505
0 2505
0 2505
0 2505
0 2505
0 2505
0 2505
0 2458
0 2505
0 2505
0 2505
0 2505
0 2505
0 2505
0 2505
0 2505
0 2505
0 2505
0 2505
0 2505
0 2506
0 2505
0 2505
0 2505
0 2505
0 2505
0 2505
0 2506
0 2506
0 2506
0 2506
0 2506
0 2506
0 2506
0 2506
0 2506
0 2506
0 2506
0 2506
0 2506
0 2506
0 2506
0 2506
0 2506
0 2506
0 2506
0 2506
0 2506
0 2506
0 2506
0 2506
0 2506
0 2506
0 2506
0 2506
0 2506
0 2506
0 2506
0 2506
0 2506
0 2506
0 2506
0 2506
0 2506
0 2506
0 2506
0 2506
0 2506
0 2506
0 2506
0 2506
0 2506
0 2506
0 2506
0 2506
0 2506
0 2506
0 2506
0 2506
0 2506
0 2506
0 2506
0 2506
0 2507
0 2506
0 2507
0 2507
0 2507
0 2507
0 2507
0 2507
0 2507
0 2507
0 2507
0 2507
0 2507
0 2507
0 2507
0 2507
0 2507
0 2507
0 2507
0 2507
0 2507
0 2507
0 2507
0 2507
0 2507
0 2507
0 2507
0 2507
0 2507
0 2507
0 2507
0 2507
0 2507
0 2507
0 2507
0 2507
0 2507
0 2507
0 2507
0 2507
0 2507
0 2507
0 2507
0 2507
0 2507
0 2507
0 2507
0 2507
0 2507
0 2507
0 2507
0 2507
0 2507
0 2507
0 2507
0 2507
0 2507
0 2507
0 2507
0 2507
0 2507
0 2507
0 2507
0 2507
0 2507
0 2507
0 2507
0 2507
0 2507
0 2507
0 2507
0 2507
0 2507
0 2507
0 2507
0 2507
0 2507
0 2507
0 2507
0 2507
0 2508
0 2508
0 2508
0 2508
0 2508
0 2508
0 2508
0 2508
0 2508
0 2508
0 2508
0 2508
0 2508
0 2508
0 2508
0 2508
0 2508
0 2508
0 2508
0 2508
0 2508
0 2508
0 2508
0 2508
0 2508
0 2508
0 2508
0 2508
0 2508
0 2508
0 2508
0 2508
0 2508
0 2508
0 2508
0 2508
0 2508
0 2508
0 2508
0 2508
0 2508
0 2508
0 2508
0 2508
0 2508
0 2508
0 2508
0 2508
0 2508
0 2508
0 2508
0 2508
0 2508
0 2508
0 2508
0 2508
0 2508
0 2508
0 2508
0 2508
0 2508
0 2509
0 2508
0 2509
0 2509
0 2509
0 2509
0 2509
0 2509
0 2509
0 2509
0 2509
0 2509
0 2509
0 2509
0 2509
0 2509
0 2509
0 2509
0 2509
0 2509
0 2509
0 2509
0 2509
0 2509
0 2509
0 2509
0 2509
0 2509
0 2509
0 2509
0 2509
0 2509
0 2509
0 2509
0 2509
0 2509
0 2509
0 2509
0 2509
0 2509
0 2509
0 2509
0 2509
0 2509
0 2509
0 2509
0 2509
0 2509
0 2509
0 2494
0 2494
0 2494
0 2458
0 2494
0 2494
0 2494
0 2494
0 2494
0 2458
0 2494
0 2494
0 2494
0 2494
0 2494
0 2494
0 2494
0 2494
0 2494
0 2494
0 2494
0 2494
0 2458
0 2494
0 2494
0 2494
0 2494
0 2494
0 2494
0 2494
0 2495
0 2495
0 2495
0 2495
0 2495
0 2495
0 2495
0 2495
0 2495
0 2495
0 2495
0 2495
0 2495
0 2495
0 2495
0 2495
0 2495
0 2495
0 2495
0 2495
0 2495
0 2495
0 2495
0 2495
0 2495
0 2495
0 2495
0 2458
0 2458
0 2495
0 2495
0 2495
0 2495
0 2495
0 2495
0 2495
0 2496
0 2496
0 2496
0 2496
0 2496
0 2496
0 2496
0 2496
0 2496
0 2496
0 2496
0 2496
0 2496
0 2496
0 2496
0 2496
0 2496
0 2496
0 2496
0 2496
0 2496
0 2496
0 2496
0 2496
0 2496
0 2496
0 2496
0 2496
0 2496
0 2496
0 2496
0 2496
0 2497
0 2496
0 2497
0 2497
0 2497
0 2497
0 2497
0 2497
0 2497
0 2497
0 2497
0 2497
0 2497
0 2497
0 2497
0 2497
0 2497
0 2497
0 2497
0 2497
0 2497
0 2497
0 2497
0 2497
0 2497
0 2497
0 2497
0 2458
0 2497
0 2497
0 2497
0 2497
0 2497
0 2497
0 2498
0 2497
0 2498
0 2498
0 2498
0 2498
0 2498
0 2498
0 2498
0 2498
0 2498
0 2498
0 2498
0 2498
0 2498
0 2498
0 2498
0 2498
0 2498
0 2498
0 2498
0 2498
0 2498
0 2498
0 2498
0 2498
0 2498
0 2498
0 2498
0 2498
0 2498
0 2498
0 2498
0 2498
0 2499
0 2498
0 2499
0 2499
0 2499
0 2499
0 2499
0 2499
0 2499
0 2499
0 2499
0 2499
0 2499
0 2499
0 2499
0 2499
0 2499
0 2499
0 2499
0 2499
0 2499
0 2499
0 2499
0 2499
0 2499
0 2499
0 2499
0 2499
0 2499
0 2499
0 2499
0 2499
0 2499
0 2499
0 2499
0 2499
0 2499
0 2499
0 2500
0 2499
0 2500
0 2500
0 2500
0 2500
0 2500
0 2500
0 2500
0 2500
0 2500
0 2500
0 2500
0 2500
0 2500
0 2500
0 2500
0 2500
0 2500
0 2500
0 2500
0 2500
0 2500
0 2500
0 2500
0 2500
0 2500
0 2500
0 2500
0 2500
0 2500
0 2500
0 2500
0 2500
0 2500
0 2501
0 2500
0 2501
0 2501
0 2501
0 2501
0 2501
0 2501
0 2501
0 2501
0 2501
0 2501
0 2501
0 2501
0 2501
0 2501
0 2501
0 2501
0 2501
0 2501
0 2501
0 2501
0 2501
0 2501
0 2501
0 2501
0 2501
0 2501
0 2501
0 2501
0 2501
0 2501
0 2501
0 2501
0 2501
0 2501
0 2458
0 2486
0 2486
0 2486
0 2486
0 2486
0 2486
0 2486
0 2486
0 2486
0 2458
0 2486
0 2486
0 2486
0 2486
0 2458
0 2486
0 2486
0 2486
0 2486
0 2486
0 2486
0 2486
0 2486
0 2486
0 2486
0 2486
0 2458
0 2486
0 2486
0 2486
0 2486
0 2486
0 2486
0 2486
0 2486
0 2486
0 2486
0 2486
0 2487
0 2486
0 2487
0 2487
0 2487
0 2487
0 2487
0 2487
0 2487
0 2487
0 2487
0 2487
0 2487
0 2487
0 2487
0 2487
0 2487
0 2487
0 2487
0 2487
0 2487
0 2487
0 2487
0 2458
0 2487
0 2487
0 2487
0 2487
0 2487
0 2487
0 2487
0 2487
0 2487
0 2487
0 2487
0 2488
0 2488
0 2488
0 2488
0 2488
0 2488
0 2488
0 2488
0 2488
0 2488
0 2488
0 2488
0 2488
0 2488
0 2488
0 2488
0 2488
0 2488
0 2488
0 2488
0 2488
0 2488
0 2488
0 2488
0 2488
0 2488
0 2488
0 2488
0 2488
0 2488
0 2488
0 2488
0 2489
0 2488
0 2489
0 2489
0 2489
0 2489
0 2489
0 2489
0 2489
0 2489
0 2489
0 2489
0 2489
0 2489
0 2489
0 2489
0 2489
0 2489
0 2489
0 2489
0 2489
0 2489
0 2489
0 2458
0 2458
0 2489
0 2489
0 2489
0 2489
0 2489
0 2489
0 2489
0 2489
0 2489
0 2489
0 2490
0 2489
0 2490
0 2490
0 2490
0 2490
0 2490
0 2490
0 2490
0 2490
0 2490
0 2490
0 2490
0 2490
0 2490
0 2490
0 2490
0 2490
0 2490
0 2490
0 2490
0 2490
0 2490
0 2490
0 2490
0 2490
0 2490
0 2490
0 2490
0 2490
0 2490
0 2490
0 2490
0 2491
0 2490
0 2491
0 2491
0 2491
0 2491
0 2491
0 2491
0 2491
0 2491
0 2491
0 2491
0 2491
0 2491
0 2491
0 2491
0 2491
0 2491
0 2491
0 2491
0 2491
0 2491
0 2491
0 2491
0 2491
0 2491
0 2491
0 2491
0 2491
0 2491
0 2491
0 2491
0 2491
0 2492
0 2491
0 2492
0 2492
0 2492
0 2492
0 2492
0 2492
0 2492
0 2492
0 2492
0 2492
0 2492
0 2492
0 2492
0 2492
0 2492
0 2492
0 2492
0 2492
0 2492
0 2492
0 2492
0 2492
0 2492
0 2492
0 2492
0 2492
0 2492
0 2492
0 2492
0 2492
0 2492
0 2493
0 2492
0 2493
0 2493
0 2493
0 2493
0 2493
0 2493
0 2493
0 2493
0 2493
0 2493
0 2493
0 2493
0 2493
0 2493
0 2493
0 2493
0 2493
0 2493
0 2493
0 2493
0 2493
0 2458
0 2493
0 2493
0 2493
0 2493
0 2493
0 2493
0 2493
0 2493
0 2493
0 2493
0 2493
0 2458
0 2478
0 2478
0 2478
0 2478
0 2478
0 2478
0 2478
0 2478
0 2478
0 2458
0 2478
0 2478
0 2478
0 2478
0 2458
0 2478
0 2478
0 2478
0 2478
0 2478
0 2478
0 2478
0 2478
0 2478
0 2478
0 2478
0 2478
0 2458
0 2478
0 2478
0 2478
0 2478
0 2478
0 2478
0 2478
0 2478
0 2478
0 2478
0 2478
0 2479
0 2479
0 2479
0 2479
0 2479
0 2479
0 2479
0 2479
0 2479
0 2479
0 2479
0 2479
0 2479
0 2479
0 2479
0 2479
0 2479
0 2479
0 2479
0 2479
0 2479
0 2479
0 2458
0 2479
0 2479
0 2479
0 2479
0 2479
0 2479
0 2479
0 2479
0 2479
0 2479
0 2480
0 2479
0 2480
0 2480
0 2480
0 2480
0 2480
0 2480
0 2480
0 2480
0 2480
0 2480
0 2480
0 2480
0 2480
0 2480
0 2480
0 2480
0 2480
0 2480
0 2480
0 2480
0 2480
0 2480
0 2480
0 2480
0 2480
0 2480
0 2480
0 2480
0 2480
0 2480
0 2480
0 2481
0 2480
0 2481
0 2481
0 2481
0 2481
0 2481
0 2481
0 2481
0 2481
0 2481
0 2481
0 2481
0 2481
0 2481
0 2481
0 2481
0 2481
0 2481
0 2481
0 2481
0 2481
0 2481
0 2458
0 2481
0 2481
0 2481
0 2481
0 2481
0 2481
0 2481
0 2481
0 2481
0 2481
0 2482
0 2481
0 2482
0 2482
0 2482
0 2482
0 2482
0 2482
0 2482
0 2482
0 2482
0 2482
0 2482
0 2482
0 2482
0 2482
0 2482
0 2482
0 2482
0 2482
0 2482
0 2482
0 2482
0 2482
0 2482
0 2482
0 2482
0 2482
0 2482
0 2482
0 2482
0 2482
0 2482
0 2483
0 2482
0 2483
0 2483
0 2483
0 2483
0 2483
0 2483
0 2483
0 2483
0 2483
0 2483
0 2483
0 2483
0 2483
0 2483
0 2483
0 2483
0 2483
0 2483
0 2483
0 2483
0 2483
0 2483
0 2483
0 2483
0 2483
0 2483
0 2483
0 2483
0 2483
0 2483
0 2483
0 2484
0 2483
0 2484
0 2484
0 2484
0 2484
0 2484
0 2484
0 2484
0 2484
0 2484
0 2484
0 2484
0 2484
0 2484
0 2484
0 2484
0 2484
0 2484
0 2484
0 2484
0 2484
0 2484
0 2484
0 2484
0 2484
0 2484
0 2484
0 2484
0 2484
0 2484
0 2484
0 2484
0 2485
0 2484
0 2485
0 2485
0 2485
0 2485
0 2485
0 2485
0 2485
0 2485
0 2485
0 2485
0 2485
0 2485
0 2485
0 2485
0 2485
0 2485
0 2485
0 2485
0 2485
0 2485
0 2485
0 2485
0 2485
0 2485
0 2485
0 2485
0 2485
0 2485
0 2485
0 2485
0 2485
0 2485
0 2470
0 2470
0 2470
0 2458
0 2470
0 2470
0 2470
0 2470
0 2470
0 2458
0 2470
0 2470
0 2470
0 2470
0 2470
0 2470
0 2470
0 2470
0 2470
0 2470
0 2470
0 2470
0 2458
0 2470
0 2470
0 2470
0 2470
0 2470
0 2470
0 2471
0 2470
0 2471
0 2471
0 2471
0 2471
0 2471
0 2471
0 2471
0 2471
0 2471
0 2471
0 2471
0 2471
0 2471
0 2471
0 2471
0 2471
0 2471
0 2471
0 2471
0 2471
0 2471
0 2471
0 2471
0 2471
0 2471
0 2458
0 2471
0 2471
0 2471
0 2471
0 2471
0 2471
0 2472
0 2471
0 2472
0 2472
0 2472
0 2472
0 2472
0 2472
0 2472
0 2472
0 2472
0 2472
0 2472
0 2472
0 2472
0 2472
0 2472
0 2472
0 2472
0 2472
0 2472
0 2472
0 2472
0 2472
0 2472
0 2472
0 2472
0 2472
0 2472
0 2472
0 2472
0 2472
0 2472
0 2473
0 2472
0 2473
0 2473
0 2473
0 2473
0 2473
0 2473
0 2473
0 2473
0 2473
0 2473
0 2473
0 2473
0 2473
0 2473
0 2473
0 2473
0 2473
0 2473
0 2473
0 2473
0 2473
0 2473
0 2473
0 2473
0 2473
0 2458
0 2473
0 2473
0 2473
0 2473
0 2473
0 2473
0 2474
0 2473
0 2474
0 2474
0 2474
0 2474
0 2474
0 2474
0 2474
0 2474
0 2474
0 2474
0 2474
0 2474
0 2474
0 2474
0 2474
0 2474
0 2474
0 2474
0 2474
0 2474
0 2474
0 2474
0 2474
0 2474
0 2474
0 2474
0 2474
0 2474
0 2474
0 2474
0 2474
0 2475
0 2474
0 2475
0 2475
0 2475
0 2475
0 2475
0 2475
0 2475
0 2475
0 2475
0 2475
0 2475
0 2475
0 2475
0 2475
0 2475
0 2475
0 2475
0 2475
0 2475
0 2475
0 2475
0 2475
0 2475
0 2475
0 2475
0 2475
0 2475
0 2475
0 2475
0 2475
0 2475
0 2476
0 2475
0 2476
0 2476
0 2476
0 2476
0 2476
0 2476
0 2476
0 2476
0 2476
0 2476
0 2476
0 2476
0 2476
0 2476
0 2476
0 2476
0 2476
0 2476
0 2476
0 2476
0 2476
0 2476
0 2476
0 2476
0 2476
0 2476
0 2476
0 2476
0 2476
0 2476
0 2476
0 2477
0 2476
0 2477
0 2477
0 2477
0 2477
0 2477
0 2477
0 2477
0 2477
0 2477
0 2477
0 2477
0 2477
0 2477
0 2477
0 2477
0 2477
0 2477
0 2477
0 2477
0 2477
0 2477
0 2477
0 2477
0 2477
0 2477
0 2477
0 2477
0 2477
0 2477
0 2477
0 2477
0 2477
0 2339
0 2462
0 2462
0 2462
0 2462
0 2462
0 2462
0 2462
0 2462
0 2339
0 2462
0 2462
0 2462
0 2462
0 2462
0 2339
0 2462
0 2462
0 2462
0 2462
0 2462
0 2462
0 2462
0 2462
0 2462
0 2462
0 2462
0 2462
0 2339
0 2462
0 2462
0 2462
0 2462
0 2462
0 2462
0 2462
0 2462
0 2462
0 2462
0 2463
0 2462
0 2463
0 2463
0 2463
0 2463
0 2463
0 2463
0 2463
0 2463
0 2463
0 2463
0 2463
0 2463
0 2463
0 2463
0 2463
0 2463
0 2463
0 2463
0 2463
0 2463
0 2463
0 2339
0 2463
0 2463
0 2463
0 2463
0 2463
0 2463
0 2463
0 2463
0 2463
0 2463
0 2464
0 2463
0 2464
0 2464
0 2464
0 2464
0 2464
0 2464
0 2464
0 2464
0 2464
0 2464
0 2464
0 2464
0 2464
0 2464
0 2464
0 2464
0 2464
0 2464
0 2464
0 2464
0 2464
0 2464
0 2464
0 2464
0 2464
0 2464
0 2464
0 2464
0 2464
0 2464
0 2464
0 2465
0 2464
0 2465
0 2465
0 2465
0 2465
0 2465
0 2465
0 2465
0 2465
0 2465
0 2465
0 2465
0 2465
0 2465
0 2465
0 2465
0 2465
0 2465
0 2465
0 2465
0 2465
0 2465
0 2339
0 2465
0 2465
0 2465
0 2465
0 2465
0 2465
0 2465
0 2465
0 2465
0 2465
0 2466
0 2465
0 2466
0 2466
0 2466
0 2466
0 2466
0 2466
0 2466
0 2466
0 2466
0 2466
0 2466
0 2466
0 2466
0 2466
0 2466
0 2466
0 2466
0 2466
0 2466
0 2466
0 2466
0 2466
0 2466
0 2466
0 2466
0 2466
0 2466
0 2466
0 2466
0 2466
0 2466
0 2467
0 2466
0 2467
0 2467
0 2467
0 2467
0 2467
0 2467
0 2467
0 2467
0 2467
0 2467
0 2467
0 2467
0 2467
0 2467
0 2467
0 2467
0 2467
0 2467
0 2467
0 2467
0 2467
0 2467
0 2467
0 2467
0 2467
0 2467
0 2467
0 2467
0 2467
0 2467
0 2467
0 2468
0 2467
0 2468
0 2468
0 2468
0 2468
0 2468
0 2468
0 2468
0 2468
0 2468
0 2468
0 2468
0 2468
0 2468
0 2468
0 2468
0 2468
0 2468
0 2468
0 2468
0 2468
0 2468
0 2468
0 2468
0 2468
0 2468
0 2468
0 2468
0 2468
0 2468
0 2468
0 2468
0 2469
0 2468
0 2469
0 2469
0 2469
0 2469
0 2469
0 2469
0 2469
0 2469
0 2469
0 2469
0 2469
0 2469
0 2469
0 2469
0 2469
0 2469
0 2469
0 2469
0 2469
0 2469
0 2469
0 2469
0 2469
0 2469
0 2469
0 2469
0 2469
0 2469
0 2469
0 2469
0 2469
0 2469
0 2339
0 2452
0 2452
0 2452
0 2452
0 2452
0 2452
0 2452
0 2452
0 2452
0 2339
0 2452
0 2452
0 2452
0 2452
0 2339
0 2452
0 2452
0 2452
0 2452
0 2452
0 2452
0 2452
0 2452
0 2452
0 2452
0 2452
0 2452
0 2339
0 2452
0 2452
0 2452
0 2452
0 2452
0 2452
0 2452
0 2452
0 2452
0 2452
0 2453
0 2452
0 2453
0 2453
0 2453
0 2453
0 2453
0 2453
0 2453
0 2453
0 2453
0 2453
0 2453
0 2453
0 2453
0 2453
0 2453
0 2453
0 2453
0 2453
0 2453
0 2453
0 2453
0 2339
0 2453
0 2453
0 2453
0 2453
0 2453
0 2453
0 2453
0 2453
0 2453
0 2453
0 2454
0 2453
0 2454
0 2454
0 2454
0 2454
0 2454
0 2454
0 2454
0 2454
0 2454
0 2454
0 2454
0 2454
0 2454
0 2454
0 2454
0 2454
0 2454
0 2454
0 2454
0 2454
0 2454
0 2454
0 2454
0 2454
0 2454
0 2454
0 2454
0 2454
0 2454
0 2454
0 2454
0 2455
0 2454
0 2455
0 2455
0 2455
0 2455
0 2455
0 2455
0 2455
0 2455
0 2455
0 2455
0 2455
0 2455
0 2455
0 2455
0 2455
0 2455
0 2455
0 2455
0 2455
0 2455
0 2455
0 2339
0 2455
0 2455
0 2455
0 2455
0 2455
0 2455
0 2455
0 2455
0 2455
0 2455
0 2456
0 2455
0 2456
0 2456
0 2456
0 2456
0 2456
0 2456
0 2456
0 2456
0 2456
0 2456
0 2456
0 2456
0 2456
0 2456
0 2456
0 2456
0 2456
0 2456
0 2456
0 2456
0 2456
0 2456
0 2456
0 2456
0 2456
0 2456
0 2456
0 2456
0 2456
0 2456
0 2457
0 2456
0 2457
0 2457
0 2457
0 2457
0 2457
0 2457
0 2457
0 2457
0 2457
0 2457
0 2457
0 2457
0 2457
0 2457
0 2457
0 2457
0 2457
0 2457
0 2457
0 2457
0 2457
0 2457
0 2457
0 2457
0 2457
0 2457
0 2457
0 2457
0 2457
0 2457
0 2457
0 2460
0 2457
0 2460
0 2460
0 2460
0 2460
0 2460
0 2460
0 2460
0 2460
0 2460
0 2460
0 2460
0 2460
0 2460
0 2460
0 2460
0 2460
0 2460
0 2460
0 2460
0 2460
0 2460
0 2460
0 2460
0 2460
0 2460
0 2460
0 2460
0 2460
0 2460
0 2460
0 2460
0 2461
0 2461
0 2460
0 2461
0 2461
0 2461
0 2461
0 2461
0 2461
0 2461
0 2461
0 2461
0 2461
0 2461
0 2461
0 2461
0 2461
0 2461
0 2461
0 2461
0 2461
0 2461
0 2461
0 2461
0 2461
0 2461
0 2461
0 2461
0 2461
0 2461
0 2461
0 2461
0 2461
0 2461
0 2444
0 2444
0 2444
0 2444
0 2444
0 2444
0 2444
0 2444
0 2339
0 2444
0 2444
0 2444
0 2444
0 2444
0 2444
0 2444
0 2444
0 2444
0 2444
0 2444
0 2444
0 2444
0 2444
0 2444
0 2339
0 2444
0 2444
0 2444
0 2444
0 2444
0 2444
0 2444
0 2444
0 2444
0 2444
0 2445
0 2444
0 2445
0 2445
0 2445
0 2445
0 2445
0 2445
0 2445
0 2445
0 2445
0 2445
0 2445
0 2445
0 2445
0 2445
0 2445
0 2445
0 2445
0 2445
0 2445
0 2445
0 2445
0 2339
0 2445
0 2445
0 2445
0 2445
0 2445
0 2445
0 2445
0 2445
0 2445
0 2445
0 2446
0 2445
0 2446
0 2446
0 2446
0 2446
0 2446
0 2446
0 2446
0 2446
0 2446
0 2446
0 2446
0 2446
0 2446
0 2446
0 2446
0 2446
0 2446
0 2446
0 2446
0 2446
0 2446
0 2446
0 2446
0 2446
0 2446
0 2446
0 2446
0 2446
0 2446
0 2446
0 2446
0 2447
0 2446
0 2447
0 2447
0 2447
0 2447
0 2447
0 2447
0 2447
0 2447
0 2447
0 2447
0 2447
0 2447
0 2447
0 2447
0 2447
0 2447
0 2447
0 2447
0 2447
0 2447
0 2447
0 2339
0 2447
0 2447
0 2447
0 2447
0 2447
0 2447
0 2447
0 2447
0 2447
0 2448
0 2447
0 2447
0 2448
0 2448
0 2448
0 2448
0 2448
0 2448
0 2448
0 2448
0 2448
0 2448
0 2448
0 2448
0 2448
0 2448
0 2448
0 2448
0 2448
0 2448
0 2448
0 2448
0 2448
0 2448
0 2448
0 2448
0 2448
0 2448
0 2448
0 2448
0 2448
0 2448
0 2448
0 2448
0 2449
0 2449
0 2449
0 2449
0 2449
0 2449
0 2449
0 2449
0 2449
0 2449
0 2449
0 2449
0 2449
0 2449
0 2449
0 2449
0 2449
0 2449
0 2449
0 2449
0 2449
0 2449
0 2449
0 2449
0 2449
0 2449
0 2449
0 2449
0 2449
0 2449
0 2449
0 2449
0 2450
0 2449
0 2450
0 2450
0 2450
0 2450
0 2450
0 2450
0 2450
0 2450
0 2450
0 2450
0 2450
0 2450
0 2450
0 2450
0 2450
0 2450
0 2450
0 2450
0 2450
0 2450
0 2450
0 2450
0 2450
0 2450
0 2450
0 2450
0 2450
0 2450
0 2450
0 2450
0 2450
0 2451
0 2450
0 2451
0 2451
0 2451
0 2451
0 2451
0 2451
0 2451
0 2451
0 2451
0 2451
0 2451
0 2451
0 2451
0 2451
0 2451
0 2451
0 2451
0 2451
0 2451
0 2451
0 2451
0 2451
0 2451
0 2451
0 2451
0 2451
0 2451
0 2451
0 2451
0 2451
0 2451
0 2451
0 2339
0 2436
0 2436
0 2436
0 2436
0 2436
0 2436
0 2436
0 2436
0 2436
0 2339
0 2436
0 2436
0 2436
0 2436
0 2339
0 2436
0 2436
0 2436
0 2436
0 2436
0 2436
0 2436
0 2436
0 2436
0 2436
0 2436
0 2436
0 2339
0 2436
0 2436
0 2436
0 2436
0 2436
0 2436
0 2436
0 2436
0 2436
0 2436
0 2437
0 2436
0 2437
0 2437
0 2437
0 2437
0 2437
0 2437
0 2437
0 2437
0 2437
0 2437
0 2437
0 2437
0 2437
0 2437
0 2437
0 2437
0 2437
0 2437
0 2437
0 2437
0 2437
0 2339
0 2437
0 2437
0 2437
0 2437
0 2437
0 2437
0 2437
0 2437
0 2437
0 2437
0 2438
0 2437
0 2438
0 2438
0 2438
0 2438
0 2438
0 2438
0 2438
0 2438
0 2438
0 2438
0 2438
0 2438
0 2438
0 2438
0 2438
0 2438
0 2438
0 2438
0 2438
0 2438
0 2438
0 2438
0 2438
0 2438
0 2438
0 2438
0 2438
0 2438
0 2438
0 2438
0 2438
0 2439
0 2438
0 2439
0 2439
0 2439
0 2439
0 2439
0 2439
0 2439
0 2439
0 2439
0 2439
0 2439
0 2439
0 2439
0 2439
0 2439
0 2439
0 2439
0 2439
0 2439
0 2439
0 2439
0 2339
0 2439
0 2439
0 2439
0 2439
0 2439
0 2439
0 2439
0 2439
0 2439
0 2439
0 2440
0 2439
0 2440
0 2440
0 2440
0 2440
0 2440
0 2440
0 2440
0 2440
0 2440
0 2440
0 2440
0 2440
0 2440
0 2440
0 2440
0 2440
0 2440
0 2440
0 2440
0 2440
0 2440
0 2440
0 2440
0 2440
0 2440
0 2440
0 2440
0 2440
0 2440
0 2440
0 2440
0 2440
0 2441
0 2441
0 2441
0 2441
0 2441
0 2441
0 2441
0 2441
0 2441
0 2441
0 2441
0 2441
0 2441
0 2441
0 2441
0 2441
0 2441
0 2441
0 2441
0 2441
0 2441
0 2441
0 2441
0 2441
0 2441
0 2441
0 2441
0 2441
0 2441
0 2441
0 2441
0 2441
0 2442
0 2441
0 2442
0 2442
0 2442
0 2442
0 2442
0 2442
0 2442
0 2442
0 2442
0 2442
0 2442
0 2442
0 2442
0 2442
0 2442
0 2442
0 2442
0 2442
0 2442
0 2442
0 2442
0 2442
0 2442
0 2442
0 2442
0 2442
0 2442
0 2442
0 2442
0 2442
0 2442
0 2443
0 2442
0 2443
0 2443
0 2443
0 2443
0 2443
0 2443
0 2443
0 2443
0 2443
0 2443
0 2443
0 2443
0 2443
0 2443
0 2443
0 2443
0 2443
0 2443
0 2443
0 2443
0 2443
0 2443
0 2443
0 2443
0 2443
0 2443
0 2443
0 2443
0 2443
0 2443
0 2443
0 2443
0 2339
0 2428
0 2428
0 2428
0 2428
0 2428
0 2428
0 2428
0 2428
0 2428
0 2339
0 2428
0 2428
0 2428
0 2428
0 2339
0 2428
0 2428
0 2428
0 2428
0 2428
0 2428
0 2428
0 2428
0 2428
0 2428
0 2428
0 2428
0 2339
0 2428
0 2428
0 2428
0 2428
0 2428
0 2428
0 2428
0 2428
0 2428
0 2428
0 2429
0 2428
0 2429
0 2429
0 2429
0 2429
0 2429
0 2429
0 2429
0 2429
0 2429
0 2429
0 2429
0 2429
0 2429
0 2429
0 2429
0 2429
0 2429
0 2429
0 2429
0 2429
0 2429
0 2339
0 2429
0 2429
0 2429
0 2429
0 2429
0 2429
0 2429
0 2429
0 2429
0 2429
0 2430
0 2429
0 2430
0 2430
0 2430
0 2430
0 2430
0 2430
0 2430
0 2430
0 2430
0 2430
0 2430
0 2430
0 2430
0 2430
0 2430
0 2430
0 2430
0 2430
0 2430
0 2430
0 2430
0 2430
0 2430
0 2430
0 2430
0 2430
0 2430
0 2430
0 2430
0 2430
0 2430
0 2431
0 2430
0 2431
0 2431
0 2431
0 2431
0 2431
0 2431
0 2431
0 2431
0 2431
0 2431
0 2431
0 2431
0 2431
0 2431
0 2431
0 2431
0 2431
0 2431
0 2431
0 2431
0 2431
0 2339
0 2431
1 1570
0 2431
1 1570
0 2431
0 2431
0 2431
0 2431
0 2431
0 2431
0 2431
0 2431
0 2432
0 2431
0 2432
0 2432
0 2432
0 2432
0 2432
0 2432
0 2432
0 2432
0 2432
0 2432
0 2432
0 2432
0 2432
0 2432
0 2432
0 2432
0 2432
0 2432
0 2432
0 2432
0 2432
0 2432
0 2432
0 2432
0 2432
0 2432
0 2432
0 2432
0 2432
0 2432
0 2432
0 2433
0 2432
0 2433
0 2433
0 2433
0 2433
0 2433
0 2433
0 2433
0 2433
0 2433
0 2433
0 2433
0 2433
0 2433
0 2433
0 2433
0 2433
0 2433
0 2433
0 2433
0 2433
0 2433
0 2433
0 2433
0 2433
0 2433
0 2433
0 2433
0 2433
0 2433
0 2433
0 2433
0 2434
0 2433
0 2434
0 2434
0 2434
0 2434
0 2434
0 2434
0 2434
0 2434
0 2434
0 2434
0 2434
0 2434
0 2434
0 2434
0 2434
0 2434
0 2434
0 2434
0 2434
0 2434
0 2434
0 2434
0 2434
0 2434
0 2434
0 2434
0 2434
0 2434
0 2434
0 2434
0 2434
0 2435
0 2434
0 2435
0 2435
0 2435
0 2435
0 2435
0 2435
0 2435
0 2435
0 2435
0 2435
0 2435
0 2435
0 2435
0 2435
0 2435
0 2435
0 2435
0 2435
0 2435
0 2435
0 2435
0 2435
0 2435
0 2435
0 2435
0 2435
0 2435
0 2435
0 2435
0 2435
0 2435
0 2435
0 2420
0 2420
0 2420
0 2420
0 2420
0 2420
0 2420
0 2339
0 2420
0 2420
0 2420
0 2420
0 2420
0 2420
0 2420
0 2420
0 2420
0 2420
0 2420
0 2420
0 2420
0 2339
0 2420
0 2420
0 2420
0 2420
0 2420
0 2420
0 2420
0 2420
0 2420
0 2421
0 2420
0 2421
0 2421
0 2421
0 2421
0 2421
0 2421
0 2421
0 2421
0 2421
0 2421
0 2421
0 2421
0 2421
0 2421
0 2421
0 2421
0 2421
0 2421
0 2421
0 2421
0 2421
0 2339
0 2421
0 2421
0 2421
0 2421
0 2421
0 2421
0 2421
0 2421
0 2421
0 2421
0 2422
0 2421
0 2422
0 2422
0 2422
0 2422
0 2422
0 2422
0 2422
0 2422
0 2422
0 2422
0 2422
0 2422
0 2422
0 2422
0 2422
0 2422
0 2422
0 2422
0 2422
0 2422
0 2422
0 2422
0 2422
0 2422
0 2422
0 2422
0 2422
0 2422
0 2422
0 2422
0 2422
0 2423
0 2422
0 2423
0 2423
0 2423
0 2423
0 2423
0 2423
0 2423
0 2423
0 2423
0 2423
0 2423
0 2423
0 2423
0 2423
0 2423
0 2423
0 2423
0 2423
0 2423
0 2423
0 2423
0 2339
0 2423
0 2423
0 2423
0 2423
0 2423
0 2423
0 2423
0 2423
0 2423
0 2423
0 2424
0 2423
0 2424
0 2424
0 2424
0 2424
0 2424
0 2424
0 2424
0 2424
0 2424
0 2424
0 2424
0 2424
0 2424
0 2424
0 2424
0 2424
0 2424
0 2424
0 2424
0 2424
0 2424
0 2424
0 2424
0 2424
0 2424
0 2424
0 2424
0 2424
0 2424
0 2424
0 2424
0 2425
0 2424
0 2425
0 2425
0 2425
0 2425
0 2425
0 2425
0 2425
0 2425
0 2425
0 2425
0 2425
0 2425
0 2425
0 2425
0 2425
0 2425
0 2425
0 2425
0 2425
0 2425
0 2425
0 2425
0 2425
0 2425
0 2425
0 2425
0 2425
0 2425
0 2425
0 2425
0 2425
0 2426
0 2425
0 2426
0 2426
0 2426
0 2426
0 2426
0 2426
0 2426
0 2426
0 2426
0 2426
0 2426
0 2426
0 2426
0 2426
0 2426
0 2426
0 2426
0 2426
0 2426
0 2426
0 2426
0 2426
0 2426
0 2426
0 2426
0 2426
0 2426
0 2426
0 2426
0 2426
0 2426
0 2427
0 2426
0 2427
0 2427
0 2427
0 2427
0 2427
0 2427
0 2427
0 2427
0 2427
0 2427
0 2427
0 2427
0 2427
0 2427
0 2427
0 2427
0 2427
0 2427
0 2427
0 2427
0 2427
0 2427
0 2427
0 2427
0 2427
0 2427
0 2427
0 2427
0 2427
0 2427
0 2427
0 2427
0 2339
0 2412
0 2412
0 2412
0 2412
0 2412
0 2412
0 2412
0 2412
0 2412
0 2339
0 2412
0 2412
0 2412
0 2412
0 2339
0 2412
0 2412
0 2412
0 2412
0 2412
0 2412
0 2412
0 2412
0 2412
0 2412
0 2412
0 2412
0 2339
0 2412
0 2412
0 2412
0 2412
0 2412
0 2412
0 2412
0 2412
0 2412
0 2412
0 2413
0 2412
0 2413
0 2413
0 2413
0 2413
0 2413
0 2413
0 2413
0 2413
0 2413
0 2413
0 2413
0 2413
0 2413
0 2413
0 2413
0 2413
0 2413
0 2413
0 2413
0 2413
0 2413
0 2339
0 2413
0 2413
0 2413
0 2413
0 2413
0 2413
0 2413
0 2413
0 2413
0 2413
0 2414
0 2413
0 2414
0 2414
0 2414
0 2414
0 2414
0 2414
0 2414
0 2414
0 2414
0 2414
0 2414
0 2414
0 2414
0 2414
0 2414
0 2414
0 2414
0 2414
0 2414
0 2414
0 2414
0 2414
0 2414
0 2414
0 2414
0 2414
0 2414
0 2414
0 2414
0 2414
0 2414
0 2415
0 2414
0 2415
0 2415
0 2415
0 2415
0 2415
0 2415
0 2415
0 2415
0 2415
0 2415
0 2415
0 2415
0 2415
0 2415
0 2415
0 2415
0 2415
0 2415
0 2415
0 2415
0 2415
0 2339
0 2415
0 2415
0 2415
0 2415
0 2415
0 2415
0 2415
0 2415
0 2415
0 2415
0 2416
0 2415
0 2416
0 2416
0 2416
0 2416
0 2416
0 2416
0 2416
0 2416
0 2416
0 2416
0 2416
0 2416
0 2416
0 2416
0 2416
0 2416
0 2416
0 2416
0 2416
0 2416
0 2416
0 2416
0 2416
0 2416
0 2416
0 2416
0 2416
0 2416
0 2416
0 2416
0 2416
0 2417
0 2416
0 2417
0 2417
0 2417
0 2417
0 2417
0 2417
0 2417
0 2417
0 2417
0 2417
0 2417
0 2417
0 2417
0 2417
0 2417
0 2417
0 2417
0 2417
0 2417
0 2417
0 2417
0 2417
0 2417
0 2417
0 2417
0 2417
0 2417
0 2417
0 2417
0 2417
0 2417
0 2418
0 2417
0 2418
0 2418
0 2418
0 2418
0 2418
0 2418
0 2418
0 2418
0 2418
0 2418
0 2418
0 2418
0 2418
0 2418
0 2418
0 2418
0 2418
0 2418
0 2418
0 2418
0 2418
0 2418
0 2418
0 2418
0 2418
0 2418
0 2418
0 2418
0 2418
0 2418
0 2418
0 2419
0 2418
0 2419
1 1536
1 1544
1 1536
1 1536
0 2419
1 0
1 1537
0 2419
1 1544
0 2419
0 2419
0 2419
0 2419
0 2419
0 2419
0 2419
0 2419
0 2419
0 2419
0 2419
0 2419
0 2419
0 2419
0 2419
0 2419
0 2419
0 2419
0 2419
0 2419
0 2419
0 2419
0 2419
0 2419
0 2419
0 2419
0 2419
0 2419
0 2419
1 1057
1 1057
0 2339
0 2404
0 2404
0 2404
0 2404
0 2404
0 2404
0 2404
0 2404
0 2404
0 2339
0 2404
0 2404
0 2404
0 2404
0 2404
0 2339
0 2404
0 2404
0 2404
0 2404
0 2404
0 2404
0 2404
0 2404
0 2404
0 2404
0 2404
0 2339
0 2404
0 2404
0 2404
0 2404
0 2404
0 2404
0 2404
0 2404
0 2404
0 2404
0 2404
0 2405
0 2405
0 2405
0 2405
0 2405
0 2405
0 2405
0 2405
0 2405
0 2405
0 2405
0 2405
0 2405
0 2405
0 2405
0 2405
0 2405
0 2405
0 2405
0 2405
0 2405
0 2405
0 2339
0 2405
0 2405
0 2405
0 2405
0 2405
0 2405
0 2405
0 2405
0 2405
0 2405
0 2405
0 2406
0 2406
0 2406
0 2406
0 2406
0 2406
0 2406
0 2406
0 2406
0 2406
0 2406
0 2406
0 2406
0 2406
0 2406
0 2406
0 2406
0 2406
0 2406
0 2406
0 2406
0 2406
0 2406
0 2406
0 2406
0 2406
0 2406
0 2406
0 2406
0 2406
0 2406
0 2406
0 2406
0 2407
0 2407
0 2407
0 2407
0 2407
0 2407
0 2407
0 2407
0 2407
0 2407
0 2407
0 2407
0 2407
0 2407
0 2407
0 2407
0 2407
0 2407
0 2407
0 2407
0 2407
0 2407
0 2339
0 2407
0 2407
0 2407
0 2407
0 2407
0 2407
0 2407
0 2407
0 2407
0 2407
0 2408
0 2408
0 2407
0 2408
0 2408
0 2408
0 2408
0 2408
0 2408
0 2408
0 2408
0 2408
0 2408
0 2408
0 2408
0 2408
0 2408
0 2408
0 2408
0 2408
0 2408
0 2408
0 2408
0 2408
0 2408
0 2408
0 2408
0 2408
0 2408
0 2408
0 2408
0 2408
0 2408
0 2409
0 2409
0 2408
0 2409
0 2409
0 2409
0 2409
0 2409
0 2409
0 2409
0 2409
0 2409
0 2409
0 2409
0 2409
0 2409
0 2409
0 2409
0 2409
0 2409
0 2409
0 2409
0 2409
0 2409
0 2409
0 2409
0 2409
0 2409
0 2409
0 2409
0 2409
0 2409
0 2409
0 2410
0 2409
0 2410
0 2410
0 2410
0 2410
0 2410
0 2410
0 2410
0 2410
0 2410
0 2410
0 2410
0 2410
0 2410
0 2410
0 2410
0 2410
0 2410
0 2410
0 2410
0 2410
0 2410
0 2410
0 2410
0 2410
0 2410
0 2410
0 2410
0 2410
0 2410
0 2410
0 2410
0 2411
0 2410
0 2411
0 2411
0 2411
0 2411
0 2411
0 2411
0 2411
0 2411
0 2411
0 2411
0 2411
0 2411
0 2411
0 2411
0 2411
0 2411
0 2411
0 2411
0 2411
0 2411
0 2411
0 2411
0 2411
0 2411
0 2411
0 2411
0 2411
0 2411
0 2411
0 2411
0 2411
0 2411
0 2396
0 2338
0 2396
0 2396
0 2396
0 2396
0 2396
0 2396
0 2396
0 2396
0 2396
0 2396
0 2396
0 2396
0 2338
0 2396
0 2396
0 2396
0 2396
0 2396
0 2396
0 2396
0 2396
0 2396
0 2396
0 2397
0 2396
0 2397
0 2397
0 2397
0 2397
0 2397
0 2397
0 2397
0 2397
0 2397
0 2397
0 2397
0 2397
0 2397
0 2397
0 2397
0 2397
0 2397
0 2397
0 2397
0 2397
0 2397
0 2338
0 2397
0 2397
0 2397
0 2397
0 2397
0 2397
0 2397
0 2397
0 2397
0 2397
0 2398
0 2397
0 2398
0 2398
0 2398
0 2398
0 2398
0 2398
0 2398
0 2398
0 2398
0 2398
0 2398
0 2398
0 2398
0 2398
0 2398
0 2398
0 2398
0 2398
0 2398
0 2398
0 2398
0 2398
0 2398
0 2398
0 2398
0 2398
0 2398
0 2398
0 2398
0 2398
0 2398
0 2399
0 2398
0 2399
0 2399
0 2399
0 2399
0 2399
0 2399
0 2399
0 2399
0 2399
0 2399
0 2399
0 2399
0 2399
0 2399
0 2399
0 2399
0 2399
0 2399
0 2399
0 2399
0 2399
0 2338
0 2399
0 2399
0 2399
0 2399
0 2399
0 2399
0 2399
0 2399
0 2399
0 2399
0 2399
0 2400
0 2400
0 2400
0 2400
0 2400
0 2400
0 2400
0 2400
0 2400
0 2400
0 2400
0 2400
0 2400
0 2400
0 2400
0 2400
0 2400
0 2400
0 2400
0 2400
0 2400
0 2400
0 2400
0 2400
0 2400
0 2400
0 2400
0 2400
0 2400
0 2400
0 2400
0 2400
0 2401
0 2400
0 2401
0 2401
0 2401
0 2401
0 2401
0 2401
0 2401
0 2401
0 2401
0 2401
0 2401
0 2401
0 2401
0 2401
0 2401
0 2401
0 2401
0 2401
0 2401
0 2401
0 2401
0 2401
0 2401
0 2401
0 2401
0 2401
0 2401
0 2401
0 2401
0 2401
0 2401
0 2402
0 2401
0 2402
0 2402
0 2402
0 2402
0 2402
0 2402
0 2402
0 2402
0 2402
0 2402
0 2402
0 2402
0 2402
0 2402
0 2402
0 2402
0 2402
0 2402
0 2402
0 2402
0 2402
0 2402
0 2402
0 2402
0 2402
0 2402
0 2402
0 2402
0 2402
0 2402
0 2402
0 2403
0 2402
0 2403
0 2403
0 2403
0 2403
0 2403
0 2403
0 2403
0 2403
0 2403
0 2403
0 2403
0 2403
0 2403
0 2403
0 2403
0 2403
0 2403
0 2403
0 2403
0 2403
0 2403
0 2403
0 2403
0 2403
0 2403
0 2403
0 2403
0 2403
0 2403
0 2403
0 2403
0 2403
0 2338
0 2388
0 2388
0 2388
0 2388
0 2388
0 2388
0 2388
0 2388
0 2388
0 2338
0 2388
0 2388
0 2388
0 2388
0 2338
0 2388
0 2388
0 2388
0 2388
0 2388
0 2388
0 2388
0 2388
0 2388
0 2388
0 2388
0 2388
0 2338
0 2388
0 2388
0 2388
0 2388
0 2388
0 2388
0 2388
0 2388
0 2388
0 2388
0 2389
0 2388
0 2389
0 2389
0 2389
0 2389
0 2389
0 2389
0 2389
0 2389
0 2389
0 2389
0 2389
0 2389
0 2389
0 2389
0 2389
0 2389
0 2389
0 2389
0 2389
0 2389
0 2389
0 2389
0 2338
0 2389
0 2389
0 2389
0 2389
0 2389
0 2389
0 2389
0 2389
0 2389
0 2390
0 2389
0 2390
0 2390
0 2390
0 2390
0 2390
0 2390
0 2390
0 2390
0 2390
0 2390
0 2390
0 2390
0 2390
0 2390
0 2390
0 2390
0 2390
0 2390
0 2390
0 2390
0 2390
0 2390
0 2390
0 2390
0 2390
0 2390
0 2390
0 2390
0 2390
0 2390
0 2390
0 2390
0 2391
0 2391
0 2391
0 2391
0 2391
0 2391
0 2391
0 2391
0 2391
0 2391
0 2391
0 2391
0 2391
0 2391
0 2391
0 2391
0 2391
0 2391
0 2391
0 2391
0 2391
0 2391
0 2338
0 2338
0 2391
0 2391
0 2391
0 2391
0 2391
0 2391
0 2391
0 2391
0 2391
0 2391
0 2392
0 2391
0 2392
0 2392
0 2392
0 2392
0 2392
0 2392
0 2392
0 2392
0 2392
0 2392
0 2392
0 2392
0 2392
0 2392
0 2392
0 2392
0 2392
0 2392
0 2392
0 2392
0 2392
0 2392
0 2392
0 2392
0 2392
0 2392
0 2392
0 2392
0 2392
0 2392
0 2392
0 2393
0 2392
0 2393
0 2393
0 2393
0 2393
0 2393
0 2393
0 2393
0 2393
0 2393
0 2393
0 2393
0 2393
0 2393
0 2393
0 2393
0 2393
0 2393
0 2393
0 2393
0 2393
0 2393
0 2393
0 2393
0 2393
0 2393
0 2393
0 2393
0 2393
0 2393
0 2393
0 2393
0 2394
0 2393
0 2394
0 2394
0 2394
0 2394
0 2394
0 2394
0 2394
0 2394
0 2394
0 2394
0 2394
0 2394
0 2394
0 2394
0 2394
0 2394
0 2394
0 2394
0 2394
0 2394
0 2394
0 2394
0 2394
0 2394
0 2394
0 2394
0 2394
0 2394
0 2394
0 2394
0 2394
0 2395
0 2394
0 2395
0 2395
0 2395
0 2395
0 2395
0 2395
0 2395
0 2395
0 2395
0 2395
0 2395
0 2395
0 2395
0 2395
0 2395
0 2395
0 2395
0 2395
0 2395
0 2395
0 2395
0 2395
0 2395
0 2395
0 2395
0 2395
0 2395
0 2395
0 2395
0 2395
0 2395
0 2395
0 2338
0 2380
0 2380
0 2380
0 2380
0 2380
0 2380
0 2380
0 2380
0 2380
0 2338
0 2380
0 2380
0 2380
0 2380
0 2338
0 2380
0 2380
0 2380
0 2380
0 2380
0 2380
0 2380
0 2380
0 2380
0 2380
0 2380
0 2380
0 2338
0 2380
0 2380
0 2380
0 2380
0 2380
0 2380
0 2380
0 2380
0 2380
0 2380
0 2381
0 2380
0 2381
0 2381
0 2381
0 2381
0 2381
0 2381
0 2381
0 2381
0 2381
0 2381
0 2381
0 2381
0 2381
0 2381
0 2381
0 2381
0 2381
0 2381
0 2381
0 2381
0 2381
0 2338
0 2381
0 2381
0 2381
0 2381
0 2381
0 2381
0 2381
0 2381
0 2381
0 2381
0 2382
0 2381
0 2382
0 2382
0 2382
0 2382
0 2382
0 2382
0 2382
0 2382
0 2382
0 2382
0 2382
0 2382
0 2382
0 2382
0 2382
0 2382
0 2382
0 2382
0 2382
0 2382
0 2382
0 2382
0 2382
0 2382
0 2382
0 2382
0 2382
0 2382
0 2382
0 2382
0 2382
0 2383
0 2382
0 2383
0 2383
0 2383
0 2383
0 2383
0 2383
0 2383
0 2383
0 2383
0 2383
0 2383
0 2383
0 2383
0 2383
0 2383
0 2383
0 2383
0 2383
0 2383
0 2383
0 2383
0 2338
0 2383
0 2383
0 2383
0 2383
0 2383
0 2383
0 2383
0 2383
0 2383
0 2383
0 2384
0 2383
0 2384
0 2384
0 2384
0 2384
0 2384
0 2384
0 2384
0 2384
0 2384
0 2384
0 2384
0 2384
0 2384
0 2384
0 2384
0 2384
0 2384
0 2384
0 2384
0 2384
0 2384
0 2384
0 2384
0 2384
0 2384
0 2384
0 2384
0 2384
0 2384
0 2384
0 2384
0 2385
0 2384
0 2385
0 2385
0 2385
0 2385
0 2385
0 2385
0 2385
0 2385
0 2385
0 2385
0 2385
0 2385
0 2385
0 2385
0 2385
0 2385
0 2385
0 2385
0 2385
0 2385
0 2385
0 2385
0 2385
0 2385
0 2385
0 2385
0 2385
0 2385
0 2385
0 2385
0 2385
0 2386
0 2385
0 2386
0 2386
0 2386
0 2386
0 2386
0 2386
0 2386
0 2386
0 2386
0 2386
0 2386
0 2386
0 2386
0 2386
0 2386
0 2386
0 2386
0 2386
0 2386
0 2386
0 2386
0 2386
0 2386
0 2386
0 2386
0 2386
0 2386
0 2386
0 2386
0 2386
0 2386
0 2387
0 2386
0 2387
0 2387
0 2387
0 2387
0 2387
0 2387
0 2387
0 2387
0 2387
0 2387
0 2387
0 2387
0 2387
0 2387
0 2387
0 2387
0 2387
0 2387
0 2387
0 2387
0 2387
0 2387
0 2387
0 2387
0 2387
0 2387
0 2387
0 2387
0 2387
0 2387
0 2387
0 2387
0 2338
0 2372
0 2372
0 2372
0 2372
0 2372
0 2372
0 2372
0 2372
0 2372
0 2372
0 2338
0 2372
0 2372
0 2372
0 2372
0 2372
0 2338
0 2372
0 2372
0 2372
0 2372
0 2372
0 2372
0 2372
0 2372
0 2372
0 2372
0 2372
0 2372
0 2338
0 2372
0 2372
0 2372
0 2372
0 2372
0 2372
0 2372
0 2372
0 2372
0 2372
0 2372
0 2373
0 2373
0 2373
0 2373
0 2373
0 2373
0 2373
0 2373
0 2373
0 2373
0 2373
0 2373
0 2373
0 2373
0 2373
0 2373
0 2373
0 2373
0 2373
0 2373
0 2373
0 2373
0 2338
0 2373
0 2373
0 2373
0 2373
0 2373
0 2373
0 2373
0 2373
0 2373
0 2373
0 2374
0 2373
0 2374
0 2374
0 2374
0 2374
0 2374
0 2374
0 2374
0 2374
0 2374
0 2374
0 2374
0 2374
0 2374
0 2374
0 2374
0 2374
0 2374
0 2374
0 2374
0 2374
0 2374
0 2374
0 2374
0 2374
0 2374
0 2374
0 2374
0 2374
0 2374
0 2374
0 2374
0 2375
0 2374
0 2375
0 2375
0 2375
0 2375
0 2375
0 2375
0 2375
0 2375
0 2375
0 2375
0 2375
0 2375
0 2375
0 2375
0 2375
0 2375
0 2375
0 2375
0 2375
0 2375
0 2375
0 2338
0 2375
0 2375
0 2375
0 2375
0 2375
0 2375
0 2375
0 2375
0 2375
0 2375
0 2376
0 2375
0 2376
0 2376
0 2376
0 2376
0 2376
0 2376
0 2376
0 2376
0 2376
0 2376
0 2376
0 2376
0 2376
0 2376
0 2376
0 2376
0 2376
0 2376
0 2376
0 2376
0 2376
0 2376
0 2376
0 2376
0 2376
0 2376
0 2376
0 2376
0 2376
0 2376
0 2376
0 2377
0 2376
0 2377
0 2377
0 2377
0 2377
0 2377
0 2377
0 2377
0 2377
0 2377
0 2377
0 2377
0 2377
0 2377
0 2377
0 2377
0 2377
0 2377
0 2377
0 2377
0 2377
0 2377
0 2377
0 2377
0 2377
0 2377
0 2377
0 2377
0 2377
0 2377
0 2377
0 2377
0 2378
0 2377
0 2378
0 2378
0 2378
0 2378
0 2378
0 2378
0 2378
0 2378
0 2378
0 2378
0 2378
0 2378
0 2378
0 2378
0 2378
0 2378
0 2378
0 2378
0 2378
0 2378
0 2378
0 2378
0 2378
0 2378
0 2378
0 2378
0 2378
0 2378
0 2378
0 2378
0 2378
0 2378
0 2379
0 2379
0 2379
0 2379
0 2379
0 2379
0 2379
0 2379
0 2379
0 2379
0 2379
0 2379
0 2379
0 2379
0 2379
0 2379
0 2379
0 2379
0 2379
0 2379
0 2379
0 2379
0 2379
0 2379
0 2379
0 2379
0 2379
0 2379
0 2379
0 2379
0 2379
0 2379
0 2380
0 2379
0 2338
0 2364
0 2364
0 2364
0 2364
0 2364
0 2364
0 2364
0 2364
0 2364
0 2338
0 2364
0 2364
0 2364
0 2364
0 2338
0 2364
0 2364
0 2364
0 2364
0 2364
0 2364
0 2364
0 2364
0 2364
0 2364
0 2364
0 2364
0 2338
0 2364
0 2364
0 2364
0 2364
0 2364
0 2364
0 2364
0 2364
0 2364
0 2364
0 2365
0 2364
0 2365
0 2365
0 2365
0 2365
0 2365
0 2365
0 2365
0 2365
0 2365
0 2365
0 2365
0 2365
0 2365
0 2365
0 2365
0 2365
0 2365
0 2365
0 2365
0 2365
0 2365
0 2338
0 2365
0 2365
0 2365
0 2365
0 2365
0 2365
0 2365
0 2365
0 2365
0 2365
0 2366
0 2365
0 2366
0 2366
0 2366
0 2366
0 2366
0 2366
0 2366
0 2366
0 2366
0 2366
0 2366
0 2366
0 2366
0 2366
0 2366
0 2366
0 2366
0 2366
0 2366
0 2366
0 2366
0 2366
0 2366
0 2366
0 2366
0 2366
0 2366
0 2366
0 2366
0 2366
0 2366
0 2367
0 2366
0 2367
0 2367
0 2367
0 2367
0 2367
0 2367
0 2367
0 2367
0 2367
0 2367
0 2367
0 2367
0 2367
0 2367
0 2367
0 2367
0 2367
0 2367
0 2367
0 2367
0 2367
0 2338
0 2367
0 2367
0 2367
0 2367
0 2367
0 2367
0 2367
0 2367
0 2367
0 2367
0 2368
0 2367
0 2368
0 2368
0 2368
0 2368
0 2368
0 2368
0 2368
0 2368
0 2368
0 2368
0 2368
0 2368
0 2368
0 2368
0 2368
0 2368
0 2368
0 2368
0 2368
0 2368
0 2368
0 2368
0 2368
0 2368
0 2368
0 2368
0 2368
0 2368
0 2368
0 2368
0 2368
0 2369
0 2368
0 2369
0 2369
0 2369
0 2369
0 2369
0 2369
0 2369
0 2369
0 2369
0 2369
0 2369
0 2369
0 2369
0 2369
0 2369
0 2369
0 2369
0 2369
0 2369
0 2369
0 2369
0 2369
0 2369
0 2369
0 2369
0 2369
0 2369
0 2369
0 2369
0 2369
0 2370
0 2369
0 2369
0 2370
0 2370
0 2370
0 2370
0 2370
0 2370
0 2370
0 2370
0 2370
0 2370
0 2370
0 2370
0 2370
0 2370
0 2370
0 2370
0 2370
0 2370
0 2370
0 2370
0 2370
0 2370
0 2370
0 2370
0 2370
0 2370
0 2370
0 2370
0 2370
0 2370
0 2370
0 2371
0 2370
0 2371
0 2371
0 2371
0 2371
0 2371
0 2371
0 2371
0 2371
0 2371
0 2371
0 2371
0 2371
0 2371
0 2371
0 2371
0 2371
0 2371
0 2371
0 2371
0 2371
0 2371
0 2371
0 2371
0 2371
0 2371
0 2371
0 2371
0 2371
0 2371
0 2371
0 2371
0 2371
0 2338
0 2356
0 2356
0 2356
0 2356
0 2356
0 2356
0 2356
0 2356
0 2356
0 2338
0 2356
0 2356
0 2356
0 2356
0 2338
0 2356
0 2356
0 2356
0 2356
0 2356
0 2356
0 2356
0 2356
0 2356
0 2356
0 2356
0 2356
0 2338
0 2356
0 2356
0 2356
0 2356
0 2356
0 2356
0 2356
0 2356
0 2356
0 2356
0 2357
0 2356
0 2357
0 2357
0 2357
0 2357
0 2357
0 2357
0 2357
0 2357
0 2357
0 2357
0 2357
0 2357
0 2357
0 2357
0 2357
0 2357
0 2357
0 2357
0 2357
0 2357
0 2357
0 2338
0 2357
0 2357
0 2357
0 2357
0 2357
0 2357
0 2357
0 2357
0 2357
0 2357
0 2358
0 2357
0 2358
0 2358
0 2358
0 2358
0 2358
0 2358
0 2358
0 2358
0 2358
0 2358
0 2358
0 2358
0 2358
0 2358
0 2358
0 2358
0 2358
0 2358
0 2358
0 2358
0 2358
0 2358
0 2358
0 2358
0 2358
0 2358
0 2358
0 2358
0 2358
0 2358
0 2358
0 2359
0 2358
0 2359
0 2359
0 2359
0 2359
0 2359
0 2359
0 2359
0 2359
0 2359
0 2359
0 2359
0 2359
0 2359
0 2359
0 2359
0 2359
0 2359
0 2359
0 2359
0 2359
0 2359
0 2338
0 2359
0 2359
0 2359
0 2359
0 2359
0 2359
0 2359
0 2359
0 2359
0 2359
0 2360
0 2359
0 2360
0 2360
0 2360
0 2360
0 2360
0 2360
0 2360
0 2360
0 2360
0 2360
0 2360
0 2360
0 2360
0 2360
0 2360
0 2360
0 2360
0 2360
0 2360
0 2360
0 2360
0 2360
0 2360
0 2360
0 2360
0 2360
0 2360
0 2360
0 2360
0 2360
0 2360
0 2360
0 2361
0 2361
0 2361
0 2361
0 2361
0 2361
0 2361
0 2361
0 2361
0 2361
0 2361
0 2361
0 2361
0 2361
0 2361
0 2361
0 2361
0 2361
0 2361
0 2361
0 2361
0 2361
0 2361
0 2361
0 2361
0 2361
0 2361
0 2361
0 2361
0 2361
0 2361
0 2361
0 2362
0 2361
0 2362
0 2362
0 2362
0 2362
0 2362
0 2362
0 2362
0 2362
0 2362
0 2362
0 2362
0 2362
0 2362
0 2362
0 2362
0 2362
0 2362
0 2362
0 2362
0 2362
0 2362
0 2362
0 2362
0 2362
0 2362
0 2362
0 2362
0 2362
0 2362
0 2362
0 2362
0 2363
0 2362
0 2363
0 2363
0 2363
0 2363
0 2363
0 2363
0 2363
0 2363
0 2363
0 2363
0 2363
0 2363
0 2363
0 2363
0 2363
0 2363
0 2363
0 2363
0 2363
0 2363
0 2363
0 2363
0 2363
0 2363
0 2363
0 2363
0 2363
0 2363
0 2363
0 2363
0 2363
0 2363
0 2458
0 48
0 48
0 48
0 48
0 48
0 48
0 48
0 48
0 48
0 2458
0 48
0 48
0 48
0 48
0 2458
0 48
0 48
0 48
0 48
0 48
0 48
0 48
0 48
0 48
0 48
0 48
0 48
0 2458
0 48
0 48
0 48
0 48
0 48
0 48
0 48
0 48
0 48
0 48
0 48
0 49
0 49
0 49
0 49
0 49
0 49
0 49
0 49
0 49
0 49
0 49
0 49
0 49
0 49
0 49
0 49
0 49
0 49
0 49
0 49
0 49
0 49
0 2458
0 49
0 49
0 49
0 49
0 49
0 49
0 49
0 49
0 49
0 49
0 50
0 49
0 50
0 50
0 50
0 50
0 50
0 50
0 50
0 50
0 50
0 50
0 50
0 50
0 50
0 50
0 50
0 50
0 50
0 50
0 50
0 50
0 50
0 50
0 50
0 50
0 50
0 50
0 50
0 50
0 50
0 50
0 50
0 51
0 50
0 51
0 51
0 51
0 51
0 51
0 51
0 51
0 51
0 51
0 51
0 51
0 51
0 51
0 51
0 51
0 51
0 51
0 51
0 51
0 51
0 51
0 51
0 51
0 51
0 51
0 51
0 51
0 51
0 51
0 51
0 51
0 52
0 51
0 52
0 52
0 52
0 52
0 52
0 52
0 52
0 52
0 52
0 52
0 52
0 52
0 52
0 52
0 52
0 52
0 52
0 52
0 52
0 52
0 52
0 52
0 52
0 52
0 52
0 52
0 52
0 52
0 52
0 52
0 52
0 53
0 52
0 53
0 53
0 53
0 53
0 53
0 53
0 53
0 53
0 53
0 53
0 53
0 53
0 53
0 53
0 53
0 53
0 53
0 53
0 53
0 53
0 53
0 53
0 53
0 53
0 53
0 53
0 53
0 53
0 53
0 53
0 53
0 33
0 33
0 53
0 33
0 33
0 33
0 33
0 33
0 33
0 33
0 33
0 33
0 33
0 33
0 33
1 0
1 1536
1 1536
0 1536
0 1536
0 1536
0 1536
0 1536
0 1544
0 0
0 0
1 32
1 56
1 64
1 68
1 57
1 32
1 59
1 62
1 55
1 69
1 61
1 63
1 66
1 58
1 54
1 60
1 65
1 67
1 32
1 69
1 73
1 75
1 72
1 76
1 77
1 75
1 76
1 77
1 70
1 74
1 79
1 79
1 70
1 78
1 80
1 85
1 85
1 80
1 70
1 81
1 78
1 82
1 82
1 70
1 81
1 83
1 82
1 89
1 88
1 88
1 89
1 84
1 83
1 86
1 86
1 70
1 84
1 91
1 94
1 94
1 91
1 93
1 92
1 1057
1 93
1 92
1 87
1 86
1 70
1 90
1 87
1 90
1 70
1 90
0 0
1 94
1 98
1 101
1 99
1 70
1 1057
1 100
1 95
1 95
1 101
1 109
1 109
1 102
1 106
1 102
1 103
1 105
1 104
1 103
1 106
1 106
1 108
1 105
1 108
1 107
1 104
1 110
1 110
1 107
1 1536
1 1536
1 1536
1 1544
1 1544
1 113
1 114
1 112
1 1544
1 113
1 114
1 112
1 70
1 1057
1 0
1 1057
1 111
1 110
1 111
1 119
1 119
1 116
1 117
1 115
1 115
1 115
1 116
1 117
1 118
1 118
1 120
1 70
1 120
1 121
1 123
1 121
1 125
1 125
1 123
1 124
1 70
1 122
1 124
1 122
1 120
0 0
1 126
1 125
1 130
1 126
1 128
1 127
1 127
1 70
1 129
1 135
1 135
1 131
1 130
1 131
1 133
1 140
1 140
1 136
1 136
1 139
1 140
1 135
1 138
1 132
1 138
1 139
1 141
1 141
1 142
1 143
1 142
1 143
1 134
1 133
1 132
1 137
1 134
1 137
1 144
1 70
1 145
1 143
1 145
1 148
1 146
1 147
1 149
1 147
1 146
1 149
1 144
1 70
1 153
1 150
1 150
1 148
1 152
1 1057
1 152
1 151
1 151
1 148
1 151
1 1057
1 154
1 155
1 154
1 156
1 157
1 157
1 156
1 153
1 155
1 158
1 158
1 70
1 0
0 0
0 1536
1 159
1 158
1 159
1 167
1 170
1 165
1 170
1 165
1 168
1 170
1 173
1 167
1 163
1 162
1 172
1 173
1 172
1 168
1 164
1 166
1 166
1 169
1 169
1 171
1 174
1 174
1 171
1 1057
1 1057
1 178
1 178
1 175
1 1536
1 177
1 179
1 177
1 179
1 70
1 0
1 174
1 176
1 175
1 176
1 188
1 183
1 179
1 188
1 181
1 184
1 180
1 186
1 182
1 187
1 184
1 186
1 70
1 182
1 187
1 180
1 161
1 189
1 181
1 189
1 185
1 184
1 183
1 185
0 0
1 190
1 191
1 198
1 191
1 192
1 198
1 193
1 194
1 189
1 190
1 195
1 196
1 199
1 199
1 200
1 201
1 194
1 200
1 199
1 204
1 197
1 195
1 196
1 202
1 201
1 202
1 204
1 203
1 206
1 204
1 206
1 197
1 205
1 203
1 205
1 207
1 207
1 1057
1 1057
1 207
1 161
1 0
1 208
1 208
1 209
1 209
1 210
1 212
1 212
1 210
1 211
1 211
1 216
1 214
1 216
1 213
1 213
1 215
1 215
1 214
1 161
1 212
1 217
1 217
1 1057
1 1057
0 0
1 218
1 231
1 233
1 233
1 217
1 236
1 222
1 223
1 222
1 230
1 230
1 221
1 221
1 226
1 220
1 220
1 234
1 234
1 219
1 234
1 219
1 236
1 231
1 232
1 228
1 232
1 223
1 229
1 229
1 235
1 237
1 237
1 235
1 222
1 218
1 227
1 238
1 238
1 237
1 242
1 161
1 240
1 240
1 239
1 239
1 241
1 241
1 161
1 245
1 244
1 243
1 244
1 246
1 242
1 243
1 245
1 248
1 247
1 247
1 246
1 247
1 250
1 161
1 248
1 251
1 250
1 249
1 251
1 249
0 0
1 254
1 253
1 254
1 253
1 257
1 161
1 255
1 255
1 252
1 252
1 1057
1 252
1 256
1 1057
1 263
1 263
1 258
1 258
1 265
1 266
1 268
1 265
1 259
1 266
1 260
1 259
1 260
1 257
1 262
1 262
1 264
1 262
1 264
1 267
1 267
1 267
1 261
1 261
1 161
1 0
1 270
1 268
1 271
1 269
1 161
1 272
1 271
1 1057
1 1057
1 273
1 273
1 275
1 161
1 287
1 272
1 274
1 274
1 277
1 277
1 277
1 285
1 281
1 281
1 285
1 286
1 287
1 286
1 275
1 279
1 279
1 284
1 284
1 276
1 278
1 280
1 280
1 276
1 278
1 282
1 282
1 283
1 282
1 283
0 0
1 287
1 292
1 299
1 299
1 299
1 297
1 297
1 294
1 298
1 290
1 291
1 300
1 293
1 300
1 296
1 296
1 295
1 295
1 301
1 302
1 301
1 298
1 294
1 1057
1 1057
0 1544
0 1544
1 1057
1 1057
1 302
1 161
1 1536
1 0
1 1536
1 1544
1 1536
1 1057
1 0
1 1544
1 1568
1 1057
